0.003342928
0.003496475
0.003652044
0.003805092
0.00395494
0.004102972
0.004250724
0.004398975
0.004547751
0.00469674
0.004845654
0.004994381
0.005142947
0.005291431
0.005439894
0.005588361
0.005736829
0.005885285
0.006033723
0.006182142
0.006330547
0.006478941
0.00662733
0.006775714
0.006924093
0.007072468
0.00722084
0.007369208
0.007517574
0.007665936
0.007814298
0.007962659
0.008111018
0.008259376
0.008407733
0.00855609
0.008704445
0.008852801
0.009001156
0.009149511
0.009297864
0.009446219