S	E	I1	I2	I3	I4	I5_h	I6_h	R_h	R	D1	D2	H	T	P1	P2	Q	QT	NQ
178528	172	207	90	66	79	10	3	0	378	0	0	234	0	0	0	103	103	524	
178433	148	267	88	73	74	10	4	0	434	0	2	343	727	1	141	212	121	543	
178316	165	294	98	82	77	12	4	1	479	0	5	454	553	1	17	275	132	600	
178190	179	333	114	79	71	12	7	1	539	0	8	510	552	3	24	354	142	653	
178115	151	325	147	92	82	12	8	1	587	0	13	580	566	5	20	460	147	670	
178018	142	346	158	82	78	12	9	2	671	0	15	653	559	3	29	584	175	652	
177905	153	331	180	96	91	12	8	3	731	0	23	714	619	1	23	691	198	673	
177783	164	351	179	90	92	16	9	3	819	0	27	719	617	3	30	808	209	692	
177647	181	329	186	101	107	18	10	3	918	0	33	755	609	3	34	944	226	706	
177523	192	358	177	96	98	20	11	2	1021	0	35	782	625	13	45	1155	271	681	
177389	193	390	182	102	105	22	10	3	1096	1	40	830	541	6	28	1206	286	718	
177273	178	397	204	117	116	25	13	2	1159	1	48	802	612	3	28	1217	301	749	
177174	167	368	231	106	139	25	14	2	1253	1	53	807	496	6	37	1294	310	740	
177019	191	379	227	114	143	26	13	1	1362	2	56	827	494	4	52	1417	327	766	
176880	202	384	251	108	128	29	13	1	1468	3	66	822	224	5	47	1547	358	757	
176719	202	414	247	118	132	27	16	2	1582	3	71	827	632	7	31	1580	357	799	
176558	219	424	247	123	125	25	15	3	1715	3	76	868	484	3	36	1672	350	828	
176392	235	437	248	121	132	26	15	3	1843	3	78	863	600	3	46	1743	350	864	
176259	219	432	262	128	140	25	14	3	1959	4	88	868	622	5	40	1803	366	854	
176109	211	455	272	138	136	24	14	4	2070	4	96	836	489	3	44	1825	373	877	
175913	253	469	273	149	130	26	14	3	2200	5	98	850	670	10	39	1868	372	942	
175700	295	492	275	145	140	27	15	4	2330	5	105	844	522	5	44	1910	383	1006	
175504	311	532	277	160	138	24	15	4	2455	8	105	870	520	7	46	2032	413	1044	
175299	310	570	285	160	161	24	13	5	2586	10	110	879	533	8	36	1948	403	1120	
175105	297	618	293	158	160	26	10	6	2734	14	112	887	566	5	54	1932	391	1171	
174935	274	623	287	182	171	27	13	7	2877	15	122	890	516	13	53	2060	417	1160	
174749	280	616	303	182	173	30	17	7	3033	16	127	874	517	9	54	2140	428	1173	
174492	340	625	309	175	180	31	21	6	3204	16	134	887	534	5	66	2252	454	1227	
174259	353	634	329	186	193	32	26	6	3358	16	141	913	541	10	62	2363	492	1261	
174009	357	691	341	181	193	34	26	6	3535	16	144	889	630	14	65	2419	504	1319	
173761	360	711	356	209	188	39	25	8	3709	16	151	899	656	6	73	2577	541	1347	
173503	368	734	357	214	198	39	24	10	3914	16	156	872	596	5	64	2697	550	1384	
173296	349	739	350	239	219	39	23	10	4093	17	159	871	545	10	68	2804	580	1378	
173073	333	745	362	242	218	42	23	9	4303	19	164	895	562	12	70	2951	575	1390	
172798	354	771	396	250	220	38	21	11	4483	20	171	852	708	14	83	3074	601	1449	
172503	379	798	433	232	228	36	19	11	4696	21	177	862	524	7	68	3135	591	1534	
172205	398	833	451	238	235	45	21	10	4894	22	181	871	518	11	69	3237	626	1595	
171875	458	832	468	251	234	46	22	7	5132	23	185	888	686	10	74	3238	639	1672	
171546	469	877	496	273	230	46	24	5	5349	24	194	877	624	14	81	3319	682	1733	
171327	434	863	513	266	254	49	25	6	5575	25	196	857	531	8	65	3371	685	1719	
171072	400	881	525	275	253	44	26	6	5824	27	200	837	547	14	88	3412	702	1702	
170725	441	928	518	269	269	51	29	7	6059	28	209	837	670	11	92	3504	742	1763	
170394	457	951	543	274	277	55	28	10	6302	30	212	837	660	11	91	3627	742	1843	
170000	508	991	540	284	294	49	27	10	6577	31	222	835	658	23	102	3721	747	1946	
169605	537	1054	557	294	291	43	29	11	6853	32	227	871	521	14	96	3822	773	2032	
169213	548	1115	571	293	308	42	30	10	7142	32	229	875	630	13	89	3938	778	2129	
168912	517	1142	584	329	292	43	31	7	7412	33	231	886	647	15	103	4114	793	2145	
168630	481	1115	584	362	315	42	34	4	7694	36	236	856	643	10	86	4183	809	2124	
168181	541	1139	627	375	328	45	36	5	7979	37	240	846	612	13	123	4335	886	2205	
167742	605	1135	645	376	332	51	37	4	8320	39	247	841	659	15	117	4613	903	2278	
167295	649	1192	660	358	344	50	39	4	8648	41	253	804	608	15	116	4737	936	2356	
166876	684	1214	664	374	338	48	41	6	8990	43	255	820	609	11	107	4848	938	2425	
166388	705	1318	659	375	352	50	38	7	9337	45	259	820	552	18	101	4924	944	2553	
166024	661	1289	703	360	390	55	37	8	9696	46	264	803	517	22	100	5016	950	2545	
165707	577	1275	744	367	395	61	35	6	10048	48	270	827	687	14	122	5091	1000	2454	
165267	573	1354	730	368	394	57	31	8	10425	51	275	802	650	19	125	5247	998	2509	
164824	614	1333	750	397	420	59	31	8	10766	55	276	849	648	16	138	5400	1026	2578	
164362	659	1335	770	408	423	64	32	8	11135	56	281	877	582	15	140	5596	1082	2609	
163887	685	1384	787	418	441	63	33	8	11488	56	283	848	567	15	129	5533	1108	2703	
163412	714	1384	811	436	444	67	38	8	11872	56	291	834	680	14	131	5583	1141	2753	
163070	631	1357	835	438	443	67	42	11	12282	58	299	823	669	22	131	5764	1176	2637	
162741	561	1347	825	439	461	68	42	14	12671	60	304	851	533	11	135	5917	1207	2536	
162257	605	1373	823	422	454	69	46	14	13102	60	308	850	684	17	135	6022	1214	2578	
161779	664	1342	848	423	465	82	40	17	13498	63	312	857	554	22	117	6131	1221	2643	
161334	667	1350	856	421	448	84	41	16	13933	64	319	862	671	15	128	6161	1186	2681	
160879	678	1391	876	427	421	88	41	17	14330	64	321	909	665	13	139	6325	1235	2687	
160384	693	1435	873	435	418	89	40	19	14754	66	327	921	608	15	109	6189	1213	2770	
160026	663	1386	908	435	410	97	40	18	15145	68	337	899	657	17	121	6269	1202	2737	
159686	588	1366	897	423	416	100	40	18	15589	70	340	907	649	21	123	6231	1204	2626	
159223	625	1377	883	416	414	99	37	21	16023	72	343	915	633	17	172	6283	1216	2635	
158745	684	1352	893	429	409	97	40	22	16442	73	347	910	538	15	105	6132	1177	2727	
158289	694	1380	882	436	400	100	44	19	16864	74	351	920	677	24	127	6062	1171	2765	
157860	717	1373	860	457	412	95	45	20	17264	76	354	923	551	17	128	6139	1185	2774	
157384	720	1380	883	460	419	95	44	22	17690	77	359	920	656	16	126	6247	1188	2813	
157044	646	1344	889	440	442	95	42	20	18122	84	365	930	669	15	137	6308	1156	2742	
156709	574	1325	909	437	451	94	41	19	18518	86	370	866	577	9	144	6264	1161	2670	
156286	605	1289	869	436	432	97	41	23	18992	87	376	858	669	18	144	6440	1151	2618	
155856	607	1284	858	445	426	94	46	18	19427	87	385	881	669	18	133	6466	1144	2616	
155444	592	1327	841	455	404	99	45	16	19828	90	392	848	554	17	126	6452	1152	2611	
155046	574	1340	856	441	409	108	46	17	20205	95	396	847	581	9	140	6321	1193	2581	
154583	626	1320	848	441	419	101	45	16	20634	96	404	868	519	9	113	6307	1170	2630	
154230	634	1260	812	463	418	104	51	16	21039	98	408	892	671	17	121	6341	1206	2536	
153934	560	1235	804	459	419	109	56	15	21429	99	414	889	530	20	128	6372	1227	2415	
153539	573	1216	807	459	417	108	59	12	21823	100	420	888	544	13	155	6370	1282	2357	
153141	594	1202	815	432	429	106	59	12	22217	103	423	853	528	11	119	6401	1289	2348	
152711	627	1192	799	432	419	105	57	13	22643	106	429	869	673	15	120	6294	1272	2359	
152307	632	1239	768	413	389	97	55	16	23067	112	438	871	686	19	126	6285	1242	2351	
151924	622	1223	787	389	391	99	57	17	23467	113	444	854	496	7	93	6195	1186	2382	
151631	547	1218	767	385	375	99	59	14	23874	118	446	869	671	19	95	6157	1137	2313	
151368	492	1150	757	383	376	94	59	15	24268	120	451	839	525	14	103	5998	1098	2213	
151030	470	1155	759	367	377	94	59	17	24630	122	453	842	613	7	133	6122	1146	2135	
150662	482	1142	767	356	372	101	61	14	24995	122	459	828	645	9	123	6080	1155	2126	
150380	475	1058	753	362	385	98	59	14	25358	125	466	823	624	8	104	5905	1090	2100	
150102	446	1014	738	353	382	98	57	17	25726	130	470	826	632	16	109	5667	1044	2044	
149846	434	980	695	326	365	97	59	16	26108	133	474	866	625	14	110	5598	1037	1919	
149609	392	928	678	322	377	93	53	19	26443	139	480	871	534	10	109	5553	1008	1835	
149377	379	879	642	313	370	91	48	21	26786	145	482	890	598	11	104	5366	973	1749	
149139	372	855	615	318	324	93	50	21	27110	148	488	884	682	17	85	5296	929	1698	
148907	376	825	591	305	312	94	52	20	27411	149	491	871	632	16	84	5213	885	1670	
148703	345	794	568	303	305	96	53	21	27702	151	492	908	582	8	81	5154	876	1588	
148459	366	722	571	300	326	99	54	20	27968	151	497	875	527	7	97	4932	861	1577	
148242	365	714	524	286	312	101	52	16	28264	154	503	842	685	11	98	4789	841	1513	
148074	324	678	511	274	275	103	46	18	28557	158	515	831	647	8	78	4657	794	1417	
147876	323	668	506	264	259	102	42	21	28789	163	520	839	631	14	63	4455	769	1395	
147667	324	668	459	269	242	101	43	19	29054	164	523	837	512	8	69	4267	718	1388	
147489	308	640	466	258	246	95	39	22	29278	166	526	834	540	5	75	4084	703	1349	
147321	286	629	441	240	230	93	43	19	29527	170	534	851	573	10	82	4023	720	1242	
147134	282	642	406	227	216	87	43	16	29769	171	540	837	525	4	63	3926	657	1246	
146934	288	628	388	209	234	84	41	16	29990	175	546	844	645	6	68	3843	637	1235	
146764	264	585	409	213	228	80	38	18	30203	178	553	819	524	4	70	3778	636	1181	
146636	225	571	377	196	223	75	36	20	30433	182	559	829	575	6	60	3598	588	1115	
146481	216	549	368	199	204	66	33	21	30647	184	565	842	587	11	61	3386	552	1083	
146323	218	531	365	195	200	67	32	19	30830	186	567	839	510	6	69	3304	557	1051	
146180	217	513	340	196	191	67	34	17	31019	186	573	836	634	6	54	3271	533	1025	
146008	227	519	322	202	178	64	32	14	31202	189	576	825	644	9	50	3112	521	1023	
145866	225	499	319	194	178	58	31	15	31373	190	585	819	335	5	55	3023	512	992	
145741	208	499	324	182	163	53	28	18	31535	191	591	817	524	5	44	2859	473	984	
145616	205	457	326	175	164	58	27	18	31697	193	597	853	548	4	52	2788	472	940	
145442	220	472	293	167	177	53	27	13	31871	194	604	855	521	9	64	2754	504	905	
145289	218	465	283	178	168	52	26	9	32037	196	612	901	226	4	44	2615	483	907	
145156	209	448	285	173	164	49	25	8	32201	197	618	882	681	2	47	2571	465	888	
145004	216	464	272	163	154	51	20	6	32355	201	627	882	478	4	38	2476	428	912	
144871	203	463	264	162	159	48	18	7	32502	203	633	914	532	3	53	2415	424	893	
144780	196	390	295	171	160	47	16	10	32627	203	638	901	486	6	37	2356	420	855	
144679	175	390	275	159	151	45	15	11	32786	205	642	914	618	6	51	2380	415	795	
144558	188	353	276	157	159	47	18	10	32916	205	646	905	554	7	50	2317	419	779	
144432	182	374	264	154	145	48	15	9	33054	207	649	875	508	4	54	2345	404	778	
144320	174	374	271	136	137	47	14	10	33188	207	655	877	243	1	33	2286	386	767	
144201	170	363	271	146	139	49	19	9	33294	207	665	874	625	3	33	2138	382	775	
144083	171	352	258	140	134	47	18	7	33440	209	674	837	541	8	36	2081	363	757	
143988	172	326	245	132	141	42	20	7	33568	210	682	857	221	3	33	2061	362	716	
143898	149	334	239	125	122	40	22	5	33696	211	692	849	226	3	41	2068	366	665	
143786	157	313	238	118	127	36	19	5	33824	214	696	834	228	0	32	1985	347	661	
143671	167	340	215	97	123	31	20	4	33950	214	701	838	562	2	32	1940	335	658	
143576	164	342	200	96	117	29	20	3	34066	215	705	835	574	2	26	1854	300	668	
143481	159	336	184	100	117	29	21	2	34178	216	710	838	232	2	25	1752	284	662	
143372	147	348	192	96	111	27	20	3	34285	217	715	868	508	3	43	1704	283	658	
143300	117	336	200	101	113	26	18	5	34375	218	724	847	537	4	33	1722	295	616	
143237	111	288	208	112	115	25	19	4	34470	218	726	855	512	2	36	1757	296	582	
143165	106	277	192	111	105	29	20	3	34579	219	727	848	545	5	39	1761	309	531	
