S	E	I1	I2	I3	I4	I5_h	I6_h	R_h	R	D1	D2	H	T	P1	P2	Q	QT	NQ
178530	198	199	82	63	66	14	3	0	377	1	0	232	0	0	0	92	92	533	
178433	155	294	84	57	67	14	3	1	422	1	2	355	701	4	121	182	111	563	
178328	164	309	104	61	70	13	4	1	476	1	2	449	679	3	19	241	114	611	
178224	171	315	124	67	79	13	5	2	524	1	8	531	352	3	22	333	128	646	
178130	173	315	145	70	83	13	6	2	585	1	10	590	538	3	23	427	143	662	
178051	149	309	165	79	92	14	11	2	648	1	12	667	629	3	31	569	173	646	
177932	163	304	170	83	99	15	11	1	738	1	16	713	615	4	36	697	193	652	
177827	169	313	173	92	97	15	12	1	817	1	16	763	608	5	36	856	228	643	
177704	183	322	183	86	99	18	13	1	903	2	19	776	620	3	38	1019	265	639	
177582	178	348	191	99	91	19	11	1	986	3	24	785	488	4	33	1178	280	657	
177440	190	375	200	100	94	19	13	1	1070	3	28	804	515	2	18	1189	255	736	
177338	167	385	198	108	98	20	12	2	1173	3	29	816	535	7	25	1243	267	721	
177250	155	368	202	108	101	21	13	2	1278	4	31	816	202	4	27	1328	268	700	
177108	175	377	211	99	108	22	13	3	1379	4	34	839	635	3	42	1384	296	709	
176983	177	380	216	116	115	22	11	4	1465	5	39	846	531	4	34	1456	312	725	
176852	179	381	216	124	117	22	10	5	1577	6	44	799	580	6	30	1474	314	735	
176697	195	402	218	125	120	20	10	5	1685	6	50	824	559	3	40	1510	325	765	
176556	209	404	208	114	130	22	10	4	1817	7	52	795	489	1	39	1533	311	786	
176441	198	402	224	118	131	23	13	4	1914	7	58	815	558	6	39	1541	319	790	
176317	215	381	240	126	135	23	13	3	2010	8	62	854	510	6	39	1557	328	805	
176166	226	397	243	125	130	25	14	4	2128	8	67	839	516	4	50	1700	357	803	
175990	249	396	256	135	130	30	15	4	2246	8	74	826	240	3	33	1712	354	857	
175851	239	422	242	132	127	31	15	4	2380	8	82	848	556	3	45	1757	351	857	
175683	239	426	273	135	129	25	16	5	2506	8	88	859	554	5	32	1712	329	914	
175510	235	461	275	143	123	24	14	5	2638	10	95	845	515	5	37	1729	338	937	
175367	243	458	282	144	129	25	18	4	2756	10	97	845	557	3	35	1773	341	958	
175238	230	452	279	160	132	29	17	6	2877	10	103	802	664	5	37	1744	339	960	
175065	223	498	261	156	139	29	19	6	3019	10	108	808	519	5	60	1830	366	959	
174863	249	530	262	151	139	30	21	7	3161	10	110	838	247	4	55	1903	392	990	
174649	292	537	275	161	157	29	17	7	3284	13	112	809	543	6	34	1944	380	1088	
174455	298	559	274	159	166	30	15	8	3438	15	116	844	509	5	49	1924	371	1130	
174238	305	611	281	148	189	25	17	8	3573	15	123	841	533	4	46	1980	383	1193	
174085	279	604	301	161	186	30	16	9	3721	16	125	829	530	4	59	2037	414	1163	
173909	257	617	308	170	193	29	19	9	3876	16	130	845	525	6	57	2188	422	1171	
173676	284	618	315	169	207	30	20	9	4051	16	138	853	624	8	89	2388	485	1158	
173470	296	611	341	177	199	32	22	9	4215	18	143	849	510	7	69	2552	506	1172	
173220	318	622	377	176	203	37	22	10	4381	19	148	858	532	8	47	2616	505	1250	
172994	336	624	377	189	196	41	19	11	4576	20	150	869	680	3	70	2625	509	1273	
172748	355	673	360	196	196	41	18	9	4763	21	153	880	555	10	56	2662	517	1322	
172549	344	661	383	212	218	42	16	9	4917	22	160	894	510	5	57	2796	533	1343	
172370	305	665	379	215	226	45	15	9	5115	24	165	868	554	6	76	2874	541	1309	
172104	335	682	368	223	226	47	15	10	5324	26	173	888	666	6	82	3006	566	1330	
171823	388	693	370	217	238	51	17	11	5519	27	179	887	531	5	74	3080	582	1392	
171571	395	700	396	246	249	52	17	10	5684	28	185	897	535	14	80	3171	612	1443	
171249	420	767	412	250	246	53	18	10	5893	28	187	949	478	3	78	3103	634	1532	
170943	440	813	412	263	260	54	21	6	6097	28	196	961	653	11	76	3142	649	1614	
170713	426	780	464	263	259	50	23	6	6321	28	200	945	551	11	78	3316	651	1614	
170475	410	773	480	271	256	47	24	7	6559	29	202	929	514	12	79	3355	654	1607	
170167	413	837	478	251	254	50	26	7	6809	29	212	919	682	12	90	3538	688	1621	
169860	437	865	484	257	260	49	27	6	7041	32	215	915	516	16	77	3679	709	1670	
169566	423	882	504	272	260	49	26	5	7290	34	222	901	232	6	80	3732	706	1710	
169224	462	925	493	286	283	52	25	6	7517	36	224	892	639	7	65	3686	706	1820	
168827	546	954	483	298	297	54	24	7	7777	36	230	868	564	13	103	3760	763	1893	
168568	494	975	497	286	305	62	25	5	8047	37	232	889	539	17	83	3800	771	1873	
168306	435	991	526	295	301	69	25	4	8298	40	243	906	694	12	103	3880	798	1844	
167946	468	1005	563	311	300	71	23	5	8549	42	250	913	641	13	106	3991	863	1878	
167607	478	1010	592	325	300	65	22	6	8835	42	251	929	614	11	88	4089	859	1933	
167215	522	1032	599	330	318	66	28	7	9114	43	259	904	466	12	85	4180	862	2033	
166836	568	1051	625	308	316	67	28	10	9412	46	266	899	594	19	107	4166	880	2083	
166466	561	1101	636	298	343	64	30	10	9703	46	275	914	592	10	93	4254	878	2155	
166225	491	1059	635	338	324	59	31	11	10033	47	280	912	526	15	106	4440	895	2042	
165952	440	1048	632	337	339	58	33	11	10352	47	284	891	527	15	102	4647	923	1964	
165543	479	1075	657	329	342	64	30	15	10657	49	293	904	682	15	117	4678	954	2022	
165176	517	1045	684	320	342	71	31	14	10984	50	299	902	603	8	94	4707	927	2083	
164778	561	1063	687	329	331	72	30	12	11316	53	301	868	659	15	109	4714	929	2144	
164400	544	1111	671	343	351	73	32	10	11636	54	308	855	652	21	97	4683	922	2203	
164029	542	1129	653	366	355	74	33	11	11970	56	315	849	492	15	100	4809	924	2228	
163737	501	1122	670	342	361	77	38	10	12299	58	318	842	539	13	103	4911	949	2162	
163461	467	1071	651	353	378	78	44	11	12636	58	325	859	552	10	106	4920	949	2093	
163061	520	1105	664	338	349	78	44	15	12968	59	332	872	626	12	154	5164	1013	2085	
162689	534	1110	656	349	356	75	43	12	13308	63	338	849	578	11	96	5108	997	2126	
162318	552	1132	654	325	353	74	42	14	13658	64	347	892	555	20	108	5149	987	2145	
161952	558	1125	653	346	355	76	42	14	13996	66	350	875	560	11	95	5099	962	2193	
161543	575	1146	668	352	368	77	37	14	14327	68	358	879	675	21	124	5250	980	2243	
161238	541	1114	705	344	380	70	36	12	14660	69	364	885	653	18	112	5383	996	2194	
160981	495	1077	698	333	382	68	37	14	15008	71	369	852	541	19	110	5483	1016	2074	
160640	503	1076	676	331	377	72	36	15	15355	74	378	855	544	12	123	5608	1059	2012	
160262	537	1081	706	322	375	76	33	17	15664	79	381	847	527	17	101	5637	1085	2045	
159857	579	1103	699	319	368	71	32	15	16022	81	387	831	656	6	103	5614	1052	2119	
159481	579	1141	694	319	380	72	34	18	16342	84	389	828	573	18	122	5289	1042	2177	
159099	594	1135	723	322	380	74	36	18	16671	86	395	852	651	11	97	5301	1044	2220	
158846	565	1073	750	310	362	72	40	16	17011	88	400	864	332	13	81	5283	1025	2147	
158600	483	1090	707	319	343	74	42	15	17366	90	404	864	667	14	106	5388	1030	2028	
158272	445	1124	704	312	340	74	44	15	17698	93	412	858	649	16	119	5347	1031	2012	
157914	486	1077	727	323	341	71	45	14	18027	95	413	882	555	13	100	5288	1019	2051	
157562	491	1101	688	344	351	70	45	15	18353	96	417	944	535	16	99	5263	993	2097	
157159	536	1124	688	343	338	71	42	17	18689	97	429	913	590	18	109	5069	975	2167	
156796	548	1097	703	370	322	69	47	16	19033	97	435	902	537	14	84	4996	927	2229	
156550	504	1016	733	380	333	66	50	15	19349	97	440	877	576	6	111	5120	961	2121	
156322	429	994	696	370	345	69	53	14	19697	97	447	890	615	15	105	5099	939	2017	
155974	476	996	691	350	332	71	50	19	20023	100	451	881	630	11	125	5186	974	1992	
155612	529	985	679	343	327	72	47	22	20359	101	457	834	222	6	86	5183	966	2016	
155318	496	987	672	335	340	71	43	22	20684	104	461	864	550	8	93	5067	956	1988	
155060	447	976	660	324	340	74	47	21	21016	104	464	895	505	13	98	4990	932	1936	
154797	401	1005	617	323	321	79	50	19	21342	106	473	885	686	9	103	5002	938	1858	
154550	378	942	637	312	330	83	45	19	21648	109	480	809	577	9	84	4890	927	1800	
154315	347	906	613	297	339	81	43	20	21981	109	482	849	580	8	74	4713	853	1773	
154079	356	828	604	306	343	81	42	22	22271	111	490	828	641	10	90	4713	847	1713	
153864	323	811	571	301	326	79	39	22	22587	116	494	861	650	5	106	4684	860	1590	
153638	336	755	532	290	336	75	36	21	22892	122	500	863	570	6	87	4619	855	1505	
153415	337	723	536	265	324	73	33	21	23171	126	509	837	547	17	93	4412	814	1477	
153206	318	710	516	256	306	71	36	19	23452	128	515	829	640	14	81	4392	789	1424	
153017	314	664	480	258	288	71	36	17	23736	133	519	851	639	13	80	4338	786	1325	
152851	302	621	446	259	279	70	33	15	23997	137	523	865	662	8	91	4340	774	1236	
152673	294	597	405	258	265	68	35	14	24260	137	527	875	521	9	83	4242	753	1169	
152498	289	581	393	245	250	70	39	11	24488	137	532	906	673	6	70	4213	739	1128	
152319	284	596	372	228	220	71	37	11	24716	141	538	859	672	12	54	4114	696	1112	
152156	274	582	373	213	210	72	42	12	24912	142	545	812	663	9	49	3928	636	1130	
151996	251	578	391	206	202	70	42	12	25094	144	547	812	507	4	59	3644	601	1139	
151857	240	544	372	210	199	70	39	16	25293	145	548	832	529	5	61	3524	583	1091	
151718	236	501	379	196	190	66	41	14	25493	146	553	839	668	8	56	3397	565	1044	
151555	231	497	350	191	191	62	42	14	25695	147	558	841	516	2	70	3297	556	1008	
151380	251	497	325	196	182	55	43	13	25881	147	563	833	540	7	50	3083	541	1008	
151217	242	481	343	179	179	62	45	14	26055	147	569	831	513	5	55	2933	509	1022	
151063	239	489	327	179	158	65	45	10	26234	150	574	848	571	10	58	2833	502	1000	
150878	265	509	330	160	149	59	46	11	26399	150	577	830	635	8	42	2688	473	1045	
150773	230	491	332	158	156	55	43	12	26548	152	583	846	504	6	39	2676	458	1007	
150660	190	478	321	162	163	63	42	13	26695	153	593	829	666	7	61	2728	476	943	
150515	195	464	315	156	155	61	37	14	26869	155	597	831	530	3	52	2683	444	939	
150368	207	444	303	150	172	56	34	12	27026	159	602	846	219	3	36	2571	443	923	
150213	225	442	277	159	165	61	31	12	27182	162	604	843	205	1	46	2509	433	927	
150093	212	425	281	172	159	62	27	14	27316	165	607	842	537	1	55	2421	428	910	
149943	215	427	267	176	160	60	29	17	27463	165	611	824	638	7	51	2377	443	891	
149855	178	419	285	167	140	59	26	16	27604	166	618	846	616	2	43	2324	443	831	
149734	164	420	292	156	134	56	26	12	27746	168	625	872	626	4	35	2234	427	821	
149595	198	389	278	163	133	56	21	14	27887	172	627	850	345	5	45	2279	426	812	
149470	199	371	270	166	124	51	21	13	28039	173	636	843	318	3	42	2279	403	799	
149347	209	360	267	148	127	49	20	13	28179	173	641	863	523	5	42	2180	382	798	
149236	184	381	254	137	131	48	20	13	28310	174	645	879	601	4	38	2134	381	774	
149115	171	405	253	123	124	46	19	13	28437	175	652	869	624	4	48	2188	381	760	
149028	163	378	253	121	125	47	19	14	28553	175	657	872	534	1	36	2115	366	740	
148954	141	354	245	117	134	47	23	14	28668	176	660	899	318	2	31	2038	356	705	
148844	142	347	242	112	140	39	22	12	28786	180	667	887	501	0	52	2004	371	673	
148732	154	315	241	120	136	38	23	10	28912	181	671	877	532	4	39	1966	337	690	
148635	155	308	212	121	130	38	24	7	29046	182	675	899	512	3	38	1950	339	649	
148549	139	314	203	114	126	39	23	8	29156	183	679	862	224	2	34	1892	338	620	
148445	132	313	218	106	115	35	22	10	29267	183	687	889	215	0	33	1834	335	606	
148366	128	299	213	91	110	33	23	9	29385	184	692	851	562	2	27	1798	309	588	
148299	107	291	205	95	109	33	23	10	29479	184	698	852	528	2	24	1766	301	562	
148194	123	300	192	88	95	29	21	6	29596	186	703	837	530	3	33	1692	287	561	
