600.8879817
628.4879066
656.4512762
683.9614734
710.8965989
737.5050979
764.0633913
790.7114068
817.4537608
844.2343272
871.0015338
897.7350308
924.4396028
951.129403
977.8154731
1004.502369
1031.189327
1057.87411
1084.555667
1111.233859
1137.909444
1164.583181
1191.255926
1217.927807
1244.598879
1271.269065
1297.938703
1324.607766
1351.276344
1377.944417
1404.612324
1431.279982
1457.947295
1484.614553
1511.281654
1537.948606
1564.61532
1591.282083
1617.948779
1644.615398
1671.281834
1697.948363
