   5.1048847004127838e-04	
   5.8640529929561251e-04	
   6.7309152786767395e-04	
   7.7296846740830105e-04	
   8.8719266552002665e-04	
   1.0183610777924307e-03	
   1.1689647406178392e-03	
   1.3413232223142787e-03	
   1.5395676103139352e-03	
   1.7661640554258570e-03	
   2.0263744530795826e-03	
   2.3243576757328360e-03	
   2.6652796329294883e-03	
   3.0566188231804631e-03	
   3.5031785502633293e-03	
   4.0153167415646765e-03	
   4.5996536266343984e-03	
   5.2671718882840645e-03	
   6.0304434048328815e-03	
   6.8988046376212957e-03	
   7.8906799356437962e-03	
   9.0168446534680639e-03	
   1.0297571989425661e-02	
   1.1751684141004566e-02	
   1.3396133345118768e-02	
   1.5258760558572565e-02	
   1.7355300073990474e-02	
   1.9716284124157712e-02	
   2.2363249613490996e-02	
   2.5320483413576518e-02	
   2.8616267412053923e-02	
   3.2266551673121056e-02	
   3.6296011410393583e-02	
   4.0714758861815283e-02	
   4.5533160397034193e-02	
   5.0746856729387259e-02	
   5.6349268076528285e-02	
   6.2305356761572221e-02	
   6.8587319037187094e-02	
   7.5127891152960688e-02	
   8.1849650368911564e-02	
   8.8674453939216635e-02	
   9.5458202626420741e-02	
   1.0211922629057439e-01	
   1.0846961277485340e-01	
   1.1441438143765488e-01	
   1.1977189392192081e-01	
   1.2442634009780042e-01	
   1.2824926845278212e-01	
   1.3113840063112597e-01	
   1.3302202652895997e-01	
   1.3386084839487908e-01	
   1.3363705627602659e-01	
   1.3237071736926243e-01	
   1.3015063774362418e-01	
   1.2697284985755636e-01	
   1.2303043077351157e-01	
   1.1839800014817856e-01	
   1.1313919926193433e-01	
   1.0750116747641844e-01	
   1.0149509677385773e-01	
   9.5315838924363433e-02	
   8.9051836454665384e-02	
   8.2772779377205716e-02	
   7.6613558077237395e-02	
   7.0596521973738585e-02	
   6.4816125590876475e-02	
   5.9289096240283036e-02	
   5.4063452575417385e-02	
   4.9149247188369244e-02	
   4.4562078325759640e-02	
   4.0304304357259603e-02	
   3.6370372582323611e-02	
   3.2756826746848412e-02	
   2.9445281631485944e-02	
   2.6428797120995651e-02	
   2.3682362498360417e-02	
   2.1197356758572202e-02	
   1.8946555799392178e-02	
   1.6920860913856722e-02	
   1.5093677676192114e-02	
   1.3456195048458190e-02	
   1.1984037218495858e-02	
   1.0669148639700159e-02	
   9.4900723274283800e-03	
   8.4397620924219815e-03	
   7.4998242853697404e-03	
   6.6643149810202106e-03	
   5.9177450547312884e-03	
   5.2552487674306664e-03	
   4.6639447447447214e-03	
   4.1399455801972487e-03	
   3.6726385211345125e-03	
   3.2589751237933071e-03	
   2.8902786977997538e-03	
   2.5641889923528473e-03	
   2.2736609704978304e-03	
   2.0168798229970460e-03	
   1.7881591643392602e-03	
   1.5861556614541004e-03	
   1.4060665077952760e-03	
   1.2472048642820897e-03	
   1.1056179616996727e-03	
   9.8031195915264401e-04	
   8.6947720185214655e-04	
   7.7056155041421237e-04	
   6.8358890354102645e-04	
   6.0611893879816735e-04	
   5.3710927732894857e-04	
   4.7659923383575785e-04	
   4.2266613255926953e-04	
   3.7448771886702733e-04	
   3.3209577631376823e-04	
   2.9484563055951949e-04	
   2.6130654541199031e-04	
   2.3147852087118047e-04	
   2.0542651733503636e-04	
   1.8244014362794279e-04	
   1.6168798256376287e-04	
   1.4317003414249645e-04	
   1.2688629836414363e-04	
   1.1284050408177220e-04	
   1.0016771266473941e-04	
   8.8721897749606744e-05	
   7.8503059336374210e-05	
   6.9511197425041815e-05	
   6.1800542754442177e-05	
   5.4996415310246168e-05	
   4.8784639029792772e-05	
   4.3165213913081988e-05	
   3.8138139960113818e-05	
   3.3703417170888253e-05	
   2.9861045545405318e-05	
   2.6647461976092896e-05	
   2.3737834074986056e-05	
   2.1064054130439341e-05	
   1.8626122142452739e-05	
   1.6424038111026261e-05	
   1.4457802036159902e-05	
   1.2727413917853665e-05	
   1.1232873756107550e-05	
   9.9736889682196311e-06	
   8.8856088573830075e-06	
