S	E	I1	I2	I3	I4	I5_h	I6_h	R_h	R	D1	D2	H	T	P1	P2	Q	QT	NQ
178598	154	195	69	63	55	10	2	0	386	1	0	225	0	0	0	76	76	472	
178530	130	234	78	70	51	10	3	0	424	1	2	360	717	1	99	161	81	495	
178428	130	273	90	65	61	12	2	2	464	1	5	472	684	3	25	254	105	528	
178340	141	277	98	67	68	11	2	2	521	1	5	568	324	2	23	343	117	547	
178268	129	265	128	73	73	14	3	2	568	1	9	600	559	1	23	424	123	562	
178178	127	273	138	80	84	10	6	2	622	1	12	640	536	1	33	580	158	560	
178065	144	277	138	91	90	9	5	2	693	2	17	727	623	3	37	717	187	567	
177940	164	298	147	85	91	9	5	4	767	2	21	718	658	3	25	850	206	593	
177821	175	299	165	90	92	9	5	4	844	2	27	762	581	1	21	959	226	609	
177722	157	315	173	81	104	13	5	4	920	3	36	801	219	1	29	1117	255	593	
177613	163	322	175	79	95	17	6	3	1018	3	39	822	500	4	28	1180	260	597	
177520	141	349	180	82	95	17	7	2	1092	3	45	806	626	3	29	1230	277	594	
177426	127	340	189	93	89	18	7	1	1186	5	52	811	201	3	29	1284	267	596	
177315	140	326	196	99	94	19	6	1	1275	6	56	813	633	2	33	1332	274	606	
177184	164	321	206	106	101	22	4	2	1353	7	63	833	514	8	32	1402	288	636	
177042	186	319	207	108	116	19	4	1	1454	7	70	836	523	5	38	1395	283	676	
176917	177	345	209	101	118	20	6	1	1555	8	76	859	535	4	30	1389	273	703	
176785	178	373	212	103	112	21	6	1	1653	8	81	839	557	7	30	1416	271	734	
176675	183	356	221	104	124	21	6	2	1744	9	88	821	514	9	40	1548	295	720	
176558	175	373	228	120	118	20	7	2	1829	9	94	814	584	6	36	1596	316	725	
176409	210	365	244	101	127	24	8	3	1935	9	98	801	577	7	43	1649	331	748	
176261	223	386	232	100	124	25	9	3	2058	9	103	843	520	3	37	1647	324	775	
176119	213	423	225	103	126	25	10	4	2165	9	111	857	621	5	26	1632	327	798	
175956	220	440	242	119	124	24	11	5	2269	9	114	872	524	4	40	1680	348	832	
175784	228	470	242	132	129	27	12	4	2379	9	117	889	348	6	31	1706	346	894	
175654	208	476	254	143	136	28	13	4	2483	11	123	860	514	9	42	1753	367	891	
175515	203	468	258	142	156	28	13	4	2608	12	126	882	655	7	44	1811	388	880	
175332	220	496	268	141	138	28	10	6	2745	13	136	865	650	3	60	1957	408	893	
175138	275	480	264	138	146	33	9	6	2891	14	139	853	536	9	27	1886	364	981	
174949	291	509	259	143	155	36	10	4	3022	14	141	852	510	6	54	1942	380	1023	
174752	294	521	277	155	169	35	10	4	3153	14	149	860	493	10	53	2039	395	1066	
174539	301	557	296	147	178	39	10	3	3290	15	158	841	558	6	57	2146	420	1108	
174351	295	577	309	164	171	39	12	2	3435	15	163	857	510	7	48	2244	425	1142	
174167	284	556	320	171	181	38	13	2	3616	15	170	859	321	10	67	2357	435	1128	
173927	312	599	333	168	176	40	14	3	3772	15	174	882	523	7	60	2476	474	1168	
173696	352	608	342	177	184	39	11	5	3926	17	176	877	621	3	65	2562	504	1209	
173459	351	646	353	195	191	40	10	5	4087	18	178	843	576	6	42	2612	509	1277	
173205	338	695	367	201	198	37	11	6	4269	18	188	837	519	10	60	2616	525	1322	
172948	351	729	372	209	223	36	13	6	4437	18	191	866	575	4	52	2738	541	1392	
172753	341	697	390	228	215	34	20	7	4637	18	193	879	622	8	70	2801	559	1366	
172583	325	651	396	230	225	38	22	6	4841	20	196	868	655	12	82	2875	579	1308	
172340	341	680	395	226	220	45	25	5	5036	20	200	913	643	15	88	2928	617	1315	
172067	394	693	387	232	230	48	20	7	5220	23	212	879	525	13	68	3064	637	1367	
171784	418	729	405	240	226	44	19	6	5419	25	218	869	667	12	70	3073	641	1440	
171506	435	759	420	242	219	42	21	5	5640	25	219	869	597	8	69	3065	627	1511	
171215	439	797	437	247	218	46	24	5	5854	26	225	885	625	10	63	3081	646	1562	
171013	404	786	441	256	222	45	26	5	6078	27	230	907	628	8	78	3272	669	1511	
170800	375	776	451	253	240	45	30	4	6294	27	238	896	551	8	74	3381	659	1511	
170468	409	834	459	246	248	47	32	3	6512	28	247	882	549	13	87	3582	691	1584	
170147	444	850	484	251	272	49	31	5	6720	31	249	881	539	7	82	3653	739	1642	
169817	473	876	476	275	288	47	29	6	6961	33	252	875	545	11	71	3583	695	1769	
169467	506	928	495	267	292	44	30	5	7209	35	255	853	530	11	94	3586	712	1850	
169120	515	973	509	285	293	43	28	5	7464	37	261	863	673	8	91	3662	738	1908	
168848	485	964	527	307	278	42	30	5	7744	37	266	875	512	13	69	3667	705	1928	
168605	432	973	535	303	298	47	32	5	7994	38	271	865	534	17	83	3733	715	1905	
168248	472	973	530	319	310	49	33	5	8278	41	275	841	625	18	115	3882	749	1937	
167910	516	960	538	337	324	55	31	4	8535	44	279	874	642	6	93	3962	752	2009	
167549	557	979	573	324	301	61	33	5	8822	44	285	870	533	13	111	4116	776	2052	
167178	548	1053	588	309	290	63	33	6	9127	48	290	884	537	17	80	4142	765	2119	
166797	557	1083	609	312	319	59	31	9	9411	48	298	876	698	10	81	4175	783	2187	
166561	489	1032	613	322	334	61	36	8	9723	49	305	884	533	11	102	4364	805	2082	
166308	415	1049	606	344	329	61	37	8	10017	50	309	880	527	21	102	4467	848	1993	
165951	432	1076	601	343	319	65	35	7	10340	54	310	857	642	18	120	4549	867	2004	
165580	486	1055	639	354	301	68	34	8	10635	56	317	859	549	15	113	4761	889	2048	
165185	551	1049	641	365	309	64	33	10	10941	57	328	833	549	12	109	4904	916	2096	
164850	546	1023	660	381	329	62	37	10	11247	59	329	862	623	13	101	4830	904	2134	
164452	575	1100	656	349	310	63	34	11	11583	64	336	849	656	14	116	4896	921	2166	
164193	537	1043	658	368	337	63	32	11	11884	67	340	856	643	12	104	4866	928	2110	
163915	472	1044	667	366	336	59	34	12	12211	69	348	848	644	9	111	4992	932	2046	
163543	513	1046	635	364	342	64	37	11	12552	71	355	852	555	20	121	5165	968	2033	
163212	544	1029	625	347	338	70	45	10	12881	72	360	887	493	11	111	5196	1010	1988	
162860	535	1087	607	319	338	73	42	11	13220	75	366	908	622	11	97	5165	957	2044	
162510	530	1078	632	334	342	75	47	12	13526	76	371	889	678	17	115	5116	969	2069	
162128	563	1082	646	355	339	74	49	11	13837	77	372	860	670	16	99	5060	950	2158	
161894	487	1045	661	365	339	68	45	11	14161	80	377	851	635	20	102	5081	951	2059	
161613	453	1037	673	345	324	70	44	12	14499	81	382	863	692	20	111	5206	1002	1944	
161264	498	1000	691	336	326	77	38	13	14822	84	384	876	632	15	113	5241	989	1977	
160949	499	974	673	348	329	74	37	11	15159	88	392	890	502	10	103	5297	1003	1931	
160597	522	1013	649	343	319	75	36	13	15477	90	399	910	578	14	90	5246	968	1989	
160253	515	1038	647	323	336	76	38	13	15797	94	403	935	623	14	80	5090	929	2044	
159907	508	1053	634	335	319	75	41	12	16140	95	414	915	550	8	106	4986	902	2063	
159651	444	1042	656	324	324	72	42	14	16442	97	425	879	499	5	94	4985	896	2008	
159396	399	1010	655	321	309	71	43	15	16784	99	431	859	605	11	103	4901	873	1935	
159023	477	1007	651	324	301	72	40	18	17086	101	433	878	667	9	108	4876	879	1993	
158670	502	1004	667	345	311	70	37	19	17366	105	437	882	532	6	84	4773	863	2073	
158306	545	995	672	334	308	71	37	18	17697	107	443	869	514	11	100	4694	878	2084	
157938	565	1015	670	325	330	74	39	17	18002	108	450	897	512	12	103	4584	886	2132	
157604	526	1082	655	308	329	76	37	18	18332	110	456	858	574	13	91	4522	853	2160	
157340	472	1058	663	329	317	78	34	18	18653	112	459	868	548	7	101	4660	881	2070	
157084	439	1017	663	318	320	79	35	21	18983	114	460	861	543	19	108	4756	890	1981	
156730	460	1042	651	314	344	74	36	19	19280	116	467	856	657	16	116	4763	944	1977	
156389	487	1019	630	325	330	71	37	18	19638	118	471	861	528	10	94	4842	938	1961	
156156	434	963	646	351	334	69	39	17	19928	120	476	853	708	12	106	4920	950	1886	
155930	391	955	660	320	308	64	41	17	20247	121	479	838	531	8	88	4888	926	1813	
155708	361	899	648	316	301	63	42	19	20570	121	485	874	511	10	94	4920	947	1683	
155500	354	827	618	313	291	62	45	20	20893	123	487	878	496	12	80	4813	921	1589	
155299	340	772	588	301	297	63	44	20	21197	123	489	875	533	5	78	4782	914	1491	
155105	312	736	577	297	288	58	42	22	21471	126	499	871	529	8	79	4748	897	1413	
154935	284	711	525	275	280	55	48	23	21764	128	505	871	659	8	71	4602	841	1337	
154780	265	631	521	281	262	61	45	23	22022	130	512	883	528	8	69	4447	805	1261	
154606	265	622	485	255	252	65	47	23	22265	130	518	885	548	7	81	4244	789	1202	
154468	258	569	456	239	219	61	47	23	22539	132	522	896	556	13	69	4117	734	1115	
154329	228	543	426	235	210	57	44	19	22775	136	531	869	536	7	50	3846	687	1056	
154210	209	506	376	232	203	62	49	16	22995	137	538	879	519	8	60	3768	676	961	
154063	212	468	371	234	185	60	49	15	23193	138	545	889	529	7	66	3654	642	937	
153938	205	447	351	208	181	50	50	14	23396	142	551	942	626	5	55	3488	608	884	
153813	169	452	328	199	181	53	48	14	23574	145	557	935	525	5	49	3316	571	859	
153658	182	432	315	195	176	64	48	14	23740	145	564	898	226	2	48	3141	534	878	
153536	186	401	317	178	160	63	46	15	23913	147	571	919	641	8	51	3001	494	857	
153424	183	364	306	184	156	58	46	13	24074	149	576	894	543	2	46	2859	462	835	
153335	161	356	279	171	162	58	40	14	24225	152	580	889	338	6	48	2669	439	788	
153219	164	366	237	159	149	58	38	12	24392	153	586	863	263	5	54	2510	412	759	
153096	173	363	218	159	147	55	33	11	24527	158	593	863	547	2	44	2448	405	743	
152971	180	367	206	157	135	53	32	12	24663	159	598	885	554	3	51	2391	396	734	
152874	168	338	217	154	139	49	35	13	24786	159	601	870	553	2	34	2204	368	732	
152772	149	367	204	139	123	45	33	12	24921	160	608	879	234	5	49	2204	370	690	
152666	161	342	213	132	130	43	33	14	25024	161	614	896	669	3	27	2113	342	712	
152596	137	330	208	125	118	43	33	12	25151	163	617	921	361	5	31	2033	321	673	
152490	129	336	210	130	104	41	31	13	25265	163	621	921	332	2	36	1963	307	674	
152401	137	307	209	127	113	40	28	15	25361	164	631	874	521	4	28	1913	313	648	
152315	134	290	202	122	114	36	26	17	25475	164	638	884	647	5	37	1864	316	608	
152223	143	280	200	111	103	35	26	17	25589	167	639	875	516	4	29	1714	297	601	
152128	152	274	192	95	97	36	24	17	25702	170	646	890	517	2	36	1664	280	590	
152073	120	263	194	97	89	32	22	19	25802	170	652	898	621	2	27	1582	256	561	
152016	104	251	200	95	82	28	19	19	25888	173	658	896	529	2	29	1571	257	522	
151929	111	246	180	96	81	26	21	18	25986	174	665	907	512	2	22	1431	252	509	
151845	111	251	173	87	79	26	18	17	26077	178	671	867	547	0	19	1396	229	516	
151766	110	250	174	83	83	24	15	16	26159	180	673	834	238	1	26	1362	219	520	
151675	112	257	170	91	85	23	17	17	26228	180	678	834	589	2	24	1303	220	535	
151586	119	261	166	88	74	26	18	15	26312	182	686	832	493	2	24	1279	218	534	
151536	107	241	157	81	92	19	17	14	26395	182	692	850	228	3	22	1199	215	499	
151486	84	232	154	86	94	21	16	14	26465	183	698	822	541	4	26	1193	227	460	
151410	87	231	152	82	89	24	16	8	26545	184	705	827	261	0	36	1190	236	445	
151336	93	226	147	77	81	24	15	6	26630	185	713	867	552	1	29	1179	228	435	
151274	91	218	139	73	77	22	13	6	26716	187	717	883	649	2	20	1181	203	430	
151211	89	212	137	75	75	20	13	6	26788	187	720	875	533	7	23	1193	197	424	
151149	80	204	150	67	75	18	14	7	26857	187	725	872	630	5	24	1227	208	400	
151096	76	194	152	59	71	18	14	5	26930	188	730	871	528	2	18	1191	202	382	
151051	63	195	144	61	60	16	14	6	26997	188	738	856	548	2	14	1148	176	377	
150983	84	170	141	57	60	18	12	6	27068	190	744	854	236	1	20	1102	167	375	
