S	E	I1	I2	I3	I4	I5_h	I6_h	R_h	R	D1	D2	H	T	P1	P2	Q	QT	NQ
178505	198	186	78	66	72	7	2	0	418	1	0	222	0	0	0	92	92	517	
178441	134	269	82	61	68	8	2	0	464	1	3	368	704	5	115	158	98	526	
178349	122	294	98	67	61	7	3	0	521	1	10	513	514	3	14	208	90	562	
178241	146	293	124	70	57	6	3	0	580	1	12	551	219	2	24	297	98	601	
178144	137	312	130	79	66	8	4	0	633	1	19	624	677	3	29	415	125	611	
178059	128	307	143	86	76	7	5	0	699	1	22	664	589	3	36	564	173	579	
177950	146	297	170	86	75	8	5	0	768	1	27	683	345	2	33	713	179	608	
177847	151	294	181	98	86	10	9	0	825	1	31	713	649	1	31	869	212	617	
177723	165	301	181	109	91	15	8	1	906	1	32	757	564	4	30	1027	233	637	
177604	169	328	193	93	91	18	7	1	992	3	34	757	511	6	34	1196	262	637	
177509	149	323	209	97	91	19	7	2	1084	3	40	782	514	3	28	1241	254	641	
177399	149	333	214	87	88	18	8	3	1187	3	44	790	542	3	32	1321	271	626	
177293	143	328	210	94	93	17	8	3	1290	3	51	813	639	3	32	1413	285	608	
177174	178	288	224	103	92	14	9	3	1386	3	59	826	500	2	39	1487	294	614	
177060	188	295	220	110	98	15	9	3	1470	3	62	841	629	4	27	1481	295	640	
176926	202	320	208	107	99	16	13	3	1566	4	69	814	238	4	28	1461	295	670	
176795	210	334	202	123	99	15	12	4	1663	4	72	865	633	5	28	1448	292	703	
176664	199	368	194	122	97	20	12	4	1768	5	80	832	213	2	28	1413	268	744	
176574	167	366	196	120	108	24	12	4	1872	5	85	820	527	2	33	1494	284	709	
176459	172	348	192	118	123	25	12	3	1984	6	91	800	627	3	45	1519	301	689	
176321	179	369	207	112	126	22	11	3	2084	6	93	811	510	6	47	1602	313	713	
176154	206	403	190	120	119	26	10	4	2200	6	95	797	514	4	29	1597	297	777	
175994	238	393	199	122	122	27	13	4	2311	7	103	766	517	6	26	1609	290	824	
175840	247	418	204	124	126	32	12	4	2411	8	107	786	499	5	45	1648	316	847	
175672	269	424	220	126	133	31	11	4	2522	10	111	830	516	6	51	1757	334	880	
175556	246	418	245	125	141	30	14	3	2628	10	117	874	519	3	40	1814	344	875	
175433	209	441	246	137	137	26	14	3	2756	12	119	878	242	5	44	1875	352	858	
175272	216	434	260	146	145	31	14	3	2875	12	125	866	631	7	50	2014	389	857	
175120	241	418	259	144	148	31	15	2	3015	12	128	871	603	7	50	2039	390	866	
174957	253	438	249	142	152	35	16	1	3137	13	140	894	506	6	51	2072	399	886	
174777	253	481	238	155	150	36	16	2	3268	13	144	865	646	6	38	2062	392	937	
174582	262	518	251	162	150	38	17	2	3388	14	149	863	619	5	41	2107	411	987	
174436	252	509	243	168	155	39	19	3	3543	15	151	880	628	11	39	2156	395	990	
174299	224	523	246	176	153	40	21	3	3680	15	153	875	641	7	55	2213	409	974	
174095	251	526	272	177	154	42	20	4	3815	19	158	882	293	4	56	2270	436	1006	
173901	289	524	284	169	157	40	20	6	3962	19	162	915	568	5	53	2322	445	1038	
173703	299	546	303	153	168	40	20	6	4107	20	168	854	616	10	48	2331	454	1075	
173494	318	580	301	166	161	38	21	6	4254	21	173	872	545	11	53	2355	455	1130	
173278	325	620	300	164	164	35	22	6	4417	22	180	853	664	15	53	2361	443	1187	
173079	333	607	317	175	174	35	21	9	4572	22	189	845	516	7	59	2440	463	1199	
172884	326	616	329	189	187	35	24	8	4719	22	194	837	516	3	59	2521	489	1217	
172670	334	636	336	207	182	32	22	10	4886	23	195	801	538	11	67	2624	516	1233	
172433	361	636	354	212	187	33	23	8	5063	23	200	812	528	6	51	2681	507	1299	
172201	357	665	361	212	190	36	22	8	5248	25	208	807	599	8	70	2652	504	1339	
171918	365	730	367	213	195	36	21	10	5439	26	213	813	512	8	63	2653	513	1414	
171632	410	750	362	229	209	37	20	10	5630	28	216	837	661	11	64	2667	506	1511	
171430	397	741	384	230	202	35	19	13	5831	30	221	870	540	9	79	2844	535	1473	
171211	374	753	402	231	211	41	19	9	6028	32	222	823	504	11	60	2883	551	1480	
170900	410	782	426	237	222	38	17	11	6228	33	229	825	656	9	73	2985	584	1548	
170608	436	788	453	239	237	37	18	13	6437	33	234	818	582	16	72	3015	603	1605	
170287	470	840	453	248	233	42	18	14	6655	33	240	804	681	15	85	3178	649	1655	
169941	505	897	473	254	233	38	23	13	6874	33	249	798	522	12	68	3159	652	1771	
169586	545	928	505	256	257	36	24	13	7098	34	251	846	649	14	66	3274	642	1909	
169323	499	963	509	275	259	35	21	12	7345	37	255	823	569	15	83	3354	678	1883	
169057	472	948	537	295	274	33	18	13	7587	40	259	816	645	14	100	3557	704	1873	
168720	451	1003	536	319	270	36	20	10	7864	42	262	806	518	13	100	3772	752	1883	
168368	503	1001	547	317	285	43	23	8	8131	42	265	839	632	14	75	3756	735	1984	
167997	519	1039	558	334	283	47	20	11	8416	43	266	817	695	14	91	3847	745	2055	
167629	536	1063	557	351	298	50	23	11	8703	43	269	839	614	11	106	4021	808	2070	
167267	562	1048	566	365	333	52	23	12	8987	44	274	842	588	12	99	4135	867	2082	
167004	511	1044	594	338	340	58	26	12	9280	45	281	848	547	14	109	4228	885	2026	
166706	457	1059	635	323	349	63	28	11	9570	46	286	859	560	7	97	4414	929	1985	
166345	495	1035	644	323	356	64	29	10	9896	48	288	853	704	9	114	4613	939	2007	
165952	527	1068	653	334	359	61	32	10	10199	49	289	882	688	14	100	4672	950	2084	
165575	556	1061	656	339	360	59	32	6	10539	50	300	867	518	13	99	4668	955	2108	
165179	581	1110	642	334	355	63	32	8	10870	52	307	882	544	7	128	4697	962	2155	
164762	589	1183	659	346	345	72	33	6	11174	52	312	898	620	9	94	4845	979	2248	
164479	548	1132	673	349	349	70	34	7	11518	52	322	869	662	17	95	4975	984	2171	
164184	503	1120	702	338	345	75	40	6	11842	52	326	883	530	10	98	4957	1000	2123	
163807	516	1121	716	340	353	74	43	6	12170	54	333	845	670	11	124	5080	1010	2153	
163424	546	1158	717	344	357	73	38	9	12472	57	338	865	545	9	106	5039	1033	2200	
163054	552	1137	745	344	355	75	36	11	12822	61	341	863	513	9	101	5065	996	2248	
162627	577	1178	744	341	365	77	38	12	13167	63	344	884	561	17	118	5066	1009	2311	
162197	598	1231	751	329	363	76	43	12	13522	63	348	898	682	21	102	5133	990	2401	
161915	536	1174	794	344	364	79	41	12	13853	68	353	888	612	18	96	5236	1010	2322	
161630	504	1118	763	349	373	81	40	11	14235	73	356	897	572	10	121	5200	1010	2218	
161212	539	1158	731	355	357	81	37	13	14617	75	358	906	674	15	129	5322	1022	2236	
160849	550	1172	705	359	350	82	40	15	14970	77	364	895	620	20	96	5374	1019	2239	
160466	563	1146	695	376	375	78	42	16	15329	78	369	865	514	11	99	5367	995	2280	
160048	575	1177	703	368	372	85	44	15	15690	79	377	867	561	19	126	5341	1023	2301	
159643	602	1153	734	372	381	85	43	16	16034	83	387	833	508	20	111	5340	1011	2359	
159348	545	1162	725	390	353	91	47	15	16386	83	388	823	579	15	126	5540	1054	2259	
159067	479	1128	760	377	354	94	49	13	16734	86	392	847	653	18	103	5568	1072	2169	
158705	486	1143	748	375	345	91	48	14	17092	88	398	806	692	18	141	5684	1113	2123	
158307	544	1145	731	360	331	83	46	18	17478	90	400	843	693	16	94	5633	1075	2165	
157969	536	1120	758	359	332	81	44	17	17822	92	403	837	496	12	101	5587	1044	2186	
157612	552	1091	752	375	345	78	43	18	18164	96	407	861	652	12	101	5472	1028	2208	
157253	549	1100	752	366	349	78	42	19	18514	98	413	867	673	15	110	5553	1022	2214	
156980	493	1094	742	353	347	77	40	19	18868	100	420	883	676	13	99	5579	1035	2111	
156737	421	1045	754	381	345	74	41	19	19189	104	423	853	523	22	90	5470	1005	2056	
156368	458	1045	732	375	319	75	42	15	19566	108	430	865	644	11	109	5437	971	2075	
155997	501	1071	698	354	313	81	38	14	19921	111	434	837	527	10	100	5319	944	2112	
155708	487	1036	710	329	317	85	39	15	20253	112	442	833	550	16	106	5280	939	2064	
155443	454	980	687	336	315	83	39	15	20620	115	446	834	604	7	106	5095	888	2006	
155171	446	950	675	328	308	75	41	14	20958	117	450	839	524	13	115	5193	904	1919	
154913	404	936	665	347	304	71	39	13	21264	121	456	828	579	20	94	5104	915	1851	
154657	402	891	651	334	301	66	42	12	21593	122	462	863	512	6	92	5096	924	1763	
154419	372	881	626	322	291	65	37	13	21913	123	471	824	637	12	88	4940	911	1683	
154182	359	861	573	320	285	67	38	13	22233	126	476	827	624	8	84	4870	875	1628	
153942	367	840	546	297	292	71	39	13	22516	127	483	812	629	6	90	4862	876	1576	
153725	346	802	553	310	287	73	39	13	22763	128	494	799	526	11	76	4638	857	1553	
153530	330	752	538	309	274	68	40	14	23049	130	499	807	509	4	91	4490	835	1476	
153346	307	711	518	286	279	68	40	12	23330	133	503	833	527	11	87	4375	809	1400	
153170	276	674	502	284	273	59	42	12	23598	134	509	827	687	9	77	4275	775	1335	
152952	297	653	492	263	267	55	40	13	23852	136	513	887	532	6	91	4146	779	1288	
152750	306	619	482	258	260	52	40	15	24093	137	521	878	656	6	68	4027	741	1276	
152563	307	613	457	237	244	58	41	16	24335	138	524	832	496	11	51	3902	697	1260	
152386	287	623	429	221	233	62	37	19	24570	140	526	883	577	10	66	3807	661	1231	
152199	280	587	430	235	240	64	37	17	24771	142	531	855	620	7	72	3702	655	1218	
152037	249	587	393	237	222	61	37	16	25012	143	539	870	566	4	72	3656	626	1160	
151883	229	562	383	230	214	62	38	16	25229	144	543	879	525	6	63	3640	584	1134	
151730	244	525	374	229	185	59	37	16	25440	146	548	902	656	11	66	3482	575	1078	
151560	258	507	366	210	192	65	40	16	25617	147	555	911	652	8	60	3340	581	1057	
151392	229	529	362	209	187	58	39	13	25806	151	558	910	506	3	61	3236	563	1050	
151215	235	527	347	195	170	56	33	17	26021	153	564	914	508	9	44	3001	514	1049	
151073	242	498	332	188	166	55	27	19	26206	157	570	870	642	6	43	2892	488	1020	
150950	220	469	335	182	168	56	22	20	26372	161	578	905	537	5	49	2877	482	970	
150824	196	477	314	163	163	51	23	17	26559	161	585	912	517	11	52	2810	461	926	
150663	220	462	313	161	163	54	22	14	26707	162	592	909	603	3	60	2719	468	927	
150526	215	475	298	149	154	53	18	17	26868	164	596	916	654	7	46	2632	440	922	
150375	223	443	292	167	153	53	16	20	27022	166	603	886	648	6	38	2535	424	923	
150253	198	451	279	163	150	54	15	20	27175	168	607	889	551	10	50	2404	417	893	
150136	180	428	293	170	141	48	15	19	27319	169	615	870	217	2	41	2388	412	863	
150024	182	392	292	160	134	52	17	19	27465	170	626	869	499	4	42	2259	401	828	
149923	170	373	289	139	135	47	21	17	27619	170	630	896	517	4	42	2284	397	777	
149793	171	387	272	135	126	49	20	14	27758	173	635	874	547	6	39	2253	381	779	
149676	181	365	267	126	132	46	22	11	27896	173	638	867	665	4	37	2152	378	761	
149552	187	368	249	123	130	53	22	12	28020	173	644	882	375	3	45	2094	393	739	
149436	179	368	249	125	128	52	19	13	28140	177	647	851	527	5	38	1994	375	745	
149329	173	375	244	124	136	46	20	11	28248	178	649	836	650	3	36	1957	374	744	
149241	155	348	251	110	136	40	21	11	28386	178	656	812	553	6	33	1965	356	705	
149163	122	358	235	109	134	40	21	10	28500	178	663	843	233	6	43	1905	348	671	
149056	125	339	235	114	128	39	20	9	28622	180	666	830	317	0	42	1871	349	651	
148950	130	334	243	104	130	36	17	7	28732	183	667	874	609	5	27	1818	339	655	
148829	144	322	232	100	127	32	16	7	28864	185	675	885	535	3	18	1776	310	663	
148733	146	315	226	109	115	27	17	5	28977	185	678	871	595	5	41	1781	315	640	
148638	134	325	209	100	114	27	15	4	29093	188	686	853	544	3	32	1790	305	619	
148549	137	302	210	95	111	22	13	3	29210	190	691	830	525	8	28	1686	272	618	
148471	126	295	194	96	103	19	11	1	29329	192	696	856	540	2	26	1658	267	577	
148392	116	284	197	96	114	18	11	1	29414	192	698	872	526	4	33	1641	273	563	
