S	E	I1	I2	I3	I4	I5_h	I6_h	R_h	R	D1	D2	H	T	P1	P2	Q	QT	NQ
178557	175	202	85	52	57	16	2	0	385	2	0	223	0	0	0	95	95	494	
178481	123	269	96	49	57	16	2	0	436	2	2	358	692	7	117	172	100	512	
178395	130	265	115	60	60	16	2	0	485	2	3	466	255	0	13	222	106	542	
178303	137	274	123	71	59	16	2	0	541	2	5	552	666	4	24	308	126	556	
178222	130	271	143	85	65	15	2	0	590	2	8	604	225	0	19	384	144	567	
178140	132	281	143	82	73	17	2	0	651	2	10	651	575	2	25	488	168	562	
178038	141	275	168	89	78	17	2	0	710	3	12	716	362	4	27	597	181	589	
177937	142	287	162	100	85	16	3	0	783	3	15	768	513	2	26	731	210	585	
177838	146	290	163	103	85	17	4	0	865	3	19	787	618	2	33	877	234	574	
177735	145	302	162	102	83	20	4	0	954	3	23	816	232	0	27	1015	241	577	
177618	152	328	152	109	89	22	6	0	1026	3	28	797	532	4	26	1050	249	609	
177522	161	323	164	106	92	21	7	0	1100	3	34	814	501	2	28	1128	264	610	
177431	143	340	153	112	84	21	7	1	1201	3	37	810	515	4	35	1229	278	582	
177316	149	333	168	103	96	21	9	1	1292	3	42	844	547	3	21	1255	269	610	
177197	161	346	182	102	91	23	13	1	1368	3	46	856	513	2	31	1314	280	638	
177062	188	335	195	100	98	23	13	2	1461	3	53	850	524	2	24	1336	277	675	
176927	192	355	206	103	95	21	15	2	1558	3	56	880	532	4	32	1365	279	708	
176759	211	395	209	102	101	24	16	2	1652	3	59	884	239	4	28	1343	280	778	
176671	184	400	212	97	109	23	14	4	1754	3	62	862	512	8	28	1374	286	753	
176554	166	420	209	100	112	23	13	4	1860	4	68	872	554	5	26	1369	285	758	
176404	181	420	234	93	120	24	16	4	1962	4	71	870	557	4	40	1420	283	805	
176239	201	434	248	89	123	23	17	4	2073	4	78	895	571	8	42	1427	290	845	
176079	214	457	242	87	125	23	16	6	2198	4	82	889	515	5	34	1417	297	867	
175900	213	490	266	99	122	24	15	5	2303	6	90	859	621	7	41	1480	295	934	
175733	224	486	289	113	130	20	12	5	2421	7	93	851	352	3	43	1565	311	963	
175565	234	501	287	135	125	23	17	4	2537	7	98	856	346	8	34	1638	324	998	
175436	239	441	290	144	142	21	19	4	2688	8	101	837	522	4	58	1789	345	951	
175267	234	477	290	136	144	24	18	5	2825	8	105	828	528	4	68	1957	411	912	
175085	248	495	290	135	154	25	16	5	2960	9	111	872	529	1	45	1988	406	957	
174907	246	513	301	145	157	25	17	6	3089	9	118	893	602	8	47	2100	414	990	
174712	247	532	303	160	172	30	16	7	3222	9	123	876	658	6	51	2170	438	1022	
174539	264	531	297	168	175	29	16	7	3371	9	127	877	602	5	53	2235	458	1022	
174385	254	537	292	167	182	29	16	7	3522	9	133	884	629	5	49	2342	470	1007	
174244	230	543	298	171	171	33	16	6	3672	10	139	838	549	9	47	2415	466	996	
174019	260	567	316	161	178	33	15	6	3826	10	142	862	637	2	51	2450	461	1069	
173839	266	538	339	183	179	33	14	8	3977	10	147	855	519	7	56	2544	479	1073	
173630	282	576	312	181	179	37	18	6	4152	10	150	892	351	7	57	2561	479	1106	
173374	319	603	334	181	180	39	16	7	4315	11	154	879	494	6	57	2492	493	1179	
173142	360	621	328	174	184	40	14	7	4495	12	156	888	591	13	51	2539	481	1240	
172951	333	637	336	189	182	39	14	6	4671	13	162	885	617	8	51	2617	479	1251	
172788	307	613	365	193	176	40	11	7	4851	15	167	907	560	5	71	2713	506	1199	
172530	338	644	381	186	175	40	12	8	5031	16	172	878	556	9	52	2660	509	1267	
172280	343	701	368	189	181	39	15	8	5218	16	175	861	557	4	62	2747	540	1296	
172013	365	706	397	194	205	37	17	7	5394	18	180	862	657	7	61	2823	548	1373	
171756	383	740	403	199	205	40	17	7	5582	19	182	855	494	11	68	2901	559	1428	
171472	409	755	411	231	229	42	18	7	5756	19	184	808	513	10	73	2983	583	1512	
171229	413	778	421	229	230	45	21	7	5950	20	190	844	512	8	90	3066	623	1514	
170991	360	837	421	228	224	43	24	6	6179	20	200	872	668	8	62	3135	602	1535	
170654	431	862	443	229	242	44	24	7	6371	20	206	914	671	16	83	3262	648	1627	
170314	478	866	451	248	267	46	21	9	6593	21	219	884	635	15	84	3413	673	1704	
169966	492	952	441	266	257	48	20	9	6835	23	224	895	500	11	87	3485	703	1773	
169602	527	991	457	296	271	50	18	9	7056	26	230	881	484	17	74	3612	747	1863	
169228	571	1042	494	296	283	50	20	8	7278	27	236	889	626	10	84	3730	794	1962	
168959	512	1014	511	299	327	50	18	8	7562	29	244	869	631	20	83	3888	803	1928	
168731	431	1012	509	299	335	49	19	6	7862	30	250	868	568	9	104	4058	816	1838	
168401	451	983	529	308	348	46	21	4	8154	32	256	863	656	18	112	4170	824	1862	
168043	511	967	557	304	330	48	20	8	8446	33	266	829	545	20	109	4280	870	1867	
167680	520	1053	560	302	318	51	23	7	8718	33	268	845	573	7	105	4418	894	1933	
167326	532	1041	611	314	325	47	24	9	8998	33	273	863	653	23	80	4413	859	2035	
166970	548	1033	621	324	339	49	26	7	9304	34	278	876	658	14	92	4457	872	2068	
166696	467	1064	624	319	336	50	30	7	9622	34	284	866	674	12	103	4554	895	1995	
166470	410	1036	608	323	332	51	26	8	9944	37	288	849	659	14	106	4708	913	1873	
166085	501	1029	601	321	323	55	32	8	10248	37	293	814	651	15	118	4815	931	1931	
165759	542	992	616	312	333	56	33	7	10552	37	294	843	538	8	101	4837	943	1941	
165414	521	1029	602	316	348	60	34	7	10866	37	299	868	557	19	102	4834	976	1934	
165058	538	1031	626	324	353	61	37	7	11147	41	310	850	630	20	92	4806	959	2011	
164713	534	1073	624	303	350	58	35	8	11474	43	318	820	674	10	122	4764	984	1993	
164466	483	1057	646	294	345	64	38	9	11766	44	321	836	529	12	88	4760	971	1956	
164209	435	1009	656	295	351	70	37	9	12090	46	326	814	553	12	101	4902	958	1895	
163877	441	1028	627	306	350	68	37	7	12411	48	333	810	622	13	110	4966	958	1899	
163514	479	1050	624	318	356	68	36	9	12692	49	338	782	229	6	87	4990	977	1954	
163170	491	1055	628	316	368	67	39	9	12996	50	344	785	685	14	100	4956	975	1989	
162821	505	1095	617	310	350	73	38	11	13312	52	349	817	656	12	94	4829	943	2045	
162412	569	1099	629	316	367	69	35	13	13614	56	354	798	652	13	107	4926	972	2112	
162152	528	1016	675	349	370	73	37	14	13905	56	358	847	651	15	81	4841	923	2125	
161919	444	1010	646	326	351	76	37	14	14288	58	364	843	660	12	117	4915	901	1989	
161604	467	979	659	334	353	78	38	13	14577	61	370	857	237	8	125	4872	939	1969	
161235	485	1017	635	333	349	79	41	12	14908	62	377	870	681	7	106	4950	983	1956	
160900	506	1001	629	347	345	71	37	13	15237	65	382	874	575	10	89	4883	955	1981	
160551	507	1044	607	336	335	72	33	16	15575	66	391	855	539	18	94	4823	942	1992	
160196	534	1069	600	330	339	73	31	13	15885	67	396	853	622	11	84	4815	917	2059	
159943	479	1035	622	323	335	74	34	12	16202	69	405	846	612	6	88	4759	870	2032	
159713	409	1028	628	315	316	70	30	12	16531	73	408	873	546	11	106	4814	867	1929	
159385	428	1008	641	324	314	63	26	15	16837	77	415	859	681	15	102	4809	852	1952	
159043	471	988	669	322	312	67	27	13	17122	77	422	882	659	15	81	4862	843	2013	
158741	477	993	663	318	300	63	28	16	17431	78	425	886	680	8	82	4661	828	2014	
158393	501	1009	659	308	297	69	29	12	17747	80	429	864	503	13	77	4410	798	2074	
158048	492	1011	671	325	290	73	29	14	18061	82	437	852	642	12	113	4336	803	2088	
157823	435	973	683	312	293	73	29	15	18371	85	441	826	656	11	96	4396	784	2014	
157595	370	984	675	284	284	75	28	16	18690	88	444	841	634	14	103	4460	800	1900	
157274	404	939	662	302	324	77	31	17	18968	88	447	864	643	16	99	4455	830	1909	
156962	451	894	669	289	321	82	35	15	19273	89	453	876	536	10	112	4584	859	1882	
156726	457	844	651	279	310	76	33	13	19594	93	457	870	551	8	95	4536	869	1781	
156529	380	852	617	267	313	75	35	12	19896	94	463	849	567	9	97	4410	874	1665	
156337	325	846	575	272	311	69	34	13	20189	96	466	833	631	12	84	4482	874	1558	
156140	300	812	587	274	292	65	33	15	20447	97	471	811	479	7	69	4472	878	1485	
155958	284	754	536	255	296	67	35	16	20758	98	476	802	510	11	65	4475	816	1411	
155764	285	715	517	232	298	66	37	15	21022	99	483	797	553	5	86	4347	820	1330	
155578	279	694	510	212	276	71	34	15	21276	101	487	817	565	6	66	4191	759	1317	
155432	263	614	511	237	275	63	36	13	21497	102	490	821	524	6	59	3930	739	1260	
155269	245	572	498	236	246	62	36	14	21753	104	498	824	333	14	63	3765	706	1189	
155117	236	544	453	236	227	63	36	12	22000	107	502	840	507	2	62	3492	666	1129	
154989	214	494	421	241	234	56	31	12	22222	110	509	827	557	9	59	3414	647	1044	
154865	202	476	379	209	224	59	31	13	22451	111	513	887	551	7	61	3325	624	956	
154732	185	452	350	203	219	56	31	12	22661	111	521	884	550	14	69	3246	602	894	
154589	184	437	323	196	204	62	30	13	22856	113	526	881	496	10	57	3222	594	842	
154462	187	407	313	195	175	63	32	12	23041	113	533	906	616	5	40	3178	534	838	
154335	200	372	309	187	158	62	28	13	23214	117	538	885	660	5	46	3045	484	832	
154192	195	402	281	173	145	64	29	14	23372	118	548	882	598	5	40	2976	470	819	
154096	171	393	277	168	140	59	29	13	23519	119	549	877	585	4	41	2920	447	790	
154007	154	367	281	156	136	54	31	14	23662	119	552	862	489	3	36	2765	414	765	
153909	152	356	260	151	133	49	29	14	23805	121	554	839	663	5	58	2718	413	717	
153777	160	370	258	128	133	45	27	15	23937	122	561	831	615	6	37	2589	398	723	
153668	164	348	241	129	131	41	26	16	24079	122	568	813	256	0	34	2360	363	717	
153554	176	343	235	133	118	38	25	18	24198	123	572	818	475	3	35	2140	331	737	
153434	175	325	222	132	119	34	24	17	24345	124	582	815	266	2	37	2013	314	717	
153374	146	310	207	124	121	36	23	16	24464	127	585	831	523	5	44	2038	320	647	
153302	132	299	208	105	106	35	20	16	24587	130	593	825	647	8	32	1917	290	615	
153201	130	313	197	112	107	31	18	15	24680	132	597	813	498	2	37	1863	311	597	
153111	120	311	184	110	113	30	18	15	24790	133	598	836	544	4	22	1786	288	598	
152998	146	299	197	96	105	31	17	13	24893	134	604	812	609	5	42	1817	288	603	
152919	145	277	186	96	99	28	16	11	25011	136	609	848	619	3	27	1634	254	593	
152830	130	291	178	87	99	31	16	11	25111	137	612	867	219	2	34	1626	250	582	
152757	115	276	165	95	98	26	13	9	25223	139	617	893	544	5	29	1619	249	539	
152689	94	264	167	92	108	25	13	9	25308	140	624	886	516	3	27	1599	256	507	
152619	90	247	151	99	98	20	15	7	25419	140	628	855	567	3	38	1560	244	476	
152531	95	243	158	79	101	21	17	7	25505	141	635	856	608	2	32	1510	259	455	
152467	94	215	156	91	93	16	16	7	25595	141	642	873	623	4	30	1501	263	418	
152406	87	217	147	88	87	17	16	8	25674	141	645	864	612	2	20	1461	247	412	
152328	102	216	145	80	76	19	16	5	25756	141	649	860	616	2	20	1440	239	415	
152275	108	208	127	85	76	18	13	6	25825	142	650	852	219	2	18	1337	231	404	
152229	88	203	127	77	68	24	12	4	25904	143	654	860	526	0	25	1348	227	372	
152177	85	198	120	75	57	22	14	4	25980	143	658	883	565	2	21	1244	204	367	
152124	76	184	120	77	60	22	13	4	26046	144	663	855	544	2	13	1164	184	368	
152060	86	162	123	79	62	21	13	5	26110	144	668	905	530	0	24	1139	197	349	
152019	74	162	124	76	54	17	12	5	26176	145	669	909	629	7	15	1032	168	351	
151954	69	173	124	67	52	17	13	5	26237	146	676	830	535	4	17	953	151	364	
151915	63	170	118	52	47	16	13	4	26307	147	681	851	530	2	22	895	146	333	
151884	54	154	117	53	50	15	13	3	26358	147	685	812	218	1	16	907	147	309	
151829	64	154	113	47	41	10	16	4	26421	147	687	810	222	0	13	874	133	312	
