S	E	I1	I2	I3	I4	I5_h	I6_h	R_h	R	D1	D2	H	T	P1	P2	Q	QT	NQ
178598	151	160	68	81	60	8	4	0	402	1	0	212	0	0	0	85	85	447	
178538	116	207	79	76	51	9	4	0	452	1	0	358	689	2	117	202	94	448	
178440	126	239	86	71	53	10	4	0	500	1	3	466	554	3	15	246	94	495	
178343	134	266	85	73	56	10	4	0	555	1	6	540	561	4	26	324	109	519	
178276	124	270	93	75	55	14	6	0	610	1	9	592	706	4	25	416	117	520	
178205	114	277	108	77	61	17	5	1	656	1	11	649	253	3	29	552	146	513	
178100	120	294	122	72	71	16	7	1	714	1	15	702	525	1	34	699	189	513	
177993	138	280	132	78	85	16	7	2	781	1	20	715	532	2	25	818	200	536	
177884	158	276	135	82	94	16	7	3	852	1	25	740	322	1	28	953	221	547	
177784	156	296	141	86	88	17	7	3	923	1	31	790	516	6	29	1082	236	555	
177671	171	303	153	87	87	17	7	4	997	1	35	796	492	3	23	1113	234	591	
177589	153	318	162	78	85	15	9	2	1081	1	40	812	530	4	25	1111	242	578	
177495	139	314	166	82	96	15	9	2	1168	1	46	804	544	3	20	1172	248	573	
177378	152	322	166	97	96	18	7	3	1242	2	50	786	527	3	40	1217	270	588	
177246	169	329	176	98	106	20	7	3	1325	2	52	838	216	4	26	1249	272	633	
177119	180	341	169	101	109	19	10	3	1420	2	60	832	663	2	36	1295	282	647	
176943	212	384	185	103	106	19	10	2	1504	2	63	858	540	4	32	1286	285	734	
176802	218	412	184	114	107	21	12	2	1589	2	70	824	542	1	28	1312	289	779	
176672	201	426	208	119	104	20	13	2	1690	2	76	862	667	8	30	1368	287	804	
176551	200	422	217	117	118	20	14	2	1786	2	84	856	201	3	33	1440	310	798	
176386	209	445	222	123	131	17	15	1	1893	2	89	851	554	6	37	1533	337	825	
176224	230	440	250	117	139	22	15	2	1997	2	95	827	522	6	42	1557	341	872	
176045	249	475	237	128	139	24	16	2	2119	3	96	851	595	7	35	1668	365	903	
175862	271	493	243	127	153	24	12	5	2238	5	100	876	525	3	35	1675	363	960	
175678	279	522	265	128	158	23	14	4	2354	5	103	894	653	7	46	1760	379	1010	
175531	262	535	265	137	160	21	14	4	2489	5	110	886	535	4	48	1785	375	1019	
175378	240	530	297	160	161	22	14	3	2603	6	119	895	530	8	50	1851	396	1028	
175156	297	526	315	156	165	25	14	4	2744	6	125	870	629	8	75	2031	447	1051	
174937	313	536	326	167	171	28	13	5	2902	6	129	895	535	5	48	2104	448	1106	
174697	318	604	335	167	171	32	12	4	3051	7	135	887	656	8	48	2196	453	1186	
174462	329	631	345	191	186	34	13	4	3191	8	139	922	521	5	53	2213	479	1250	
174187	374	674	363	181	193	34	15	5	3359	8	140	894	579	8	67	2332	511	1323	
174007	358	659	380	187	192	37	16	6	3539	8	144	885	522	9	58	2480	514	1315	
173817	314	682	415	203	188	35	16	5	3695	10	153	883	486	7	83	2751	572	1281	
173535	349	728	417	204	190	38	20	5	3876	11	160	901	660	12	67	2828	573	1373	
173248	404	728	419	219	176	46	17	4	4096	14	162	913	651	14	58	2883	569	1440	
172963	431	757	408	223	194	52	16	5	4303	15	166	895	500	9	50	2887	562	1519	
172655	458	807	413	216	206	56	15	7	4514	16	170	891	591	11	81	2925	583	1588	
172329	490	854	437	231	209	52	17	5	4719	17	173	918	514	4	66	3053	601	1689	
172094	440	897	438	235	220	50	17	6	4943	17	176	915	543	12	57	3112	592	1705	
171849	401	874	468	273	231	47	17	4	5171	17	181	897	627	7	68	3198	612	1699	
171538	408	906	485	281	262	47	17	4	5379	20	186	886	689	15	111	3319	687	1719	
171188	464	914	515	266	277	51	16	4	5627	21	190	878	541	9	83	3381	700	1803	
170831	499	931	546	270	302	54	19	3	5862	21	195	863	563	11	92	3394	739	1882	
170425	574	975	552	269	319	59	18	3	6115	23	201	858	621	11	106	3522	804	1962	
170036	610	1034	544	286	340	58	18	5	6372	24	206	847	542	13	78	3660	820	2070	
169753	547	1089	583	270	318	61	19	6	6652	26	209	820	526	7	86	3885	823	2064	
169457	470	1102	611	287	335	61	20	8	6942	26	214	815	545	15	98	3927	815	2071	
169032	507	1142	624	313	335	57	20	9	7245	27	222	796	670	12	102	4163	833	2165	
168601	566	1159	662	325	354	60	20	9	7523	27	227	811	601	13	100	4334	845	2301	
168164	608	1173	674	341	370	66	22	9	7848	27	231	826	644	20	112	4581	873	2381	
167725	619	1218	677	354	369	69	25	8	8204	27	238	814	646	24	133	4599	902	2429	
167203	686	1304	709	336	370	69	27	9	8548	27	245	877	647	16	133	4811	960	2541	
166847	667	1253	760	359	372	75	29	12	8878	27	254	833	614	12	99	4859	971	2544	
166514	600	1244	756	378	392	71	29	13	9252	28	256	850	654	19	130	4979	998	2472	
166015	660	1305	727	388	389	74	31	12	9637	31	264	813	645	18	136	5233	1056	2518	
165520	727	1299	735	400	416	79	30	13	10012	32	270	825	557	21	109	5393	1091	2595	
165029	752	1345	747	410	449	77	32	13	10370	34	275	852	639	21	130	5554	1127	2685	
164510	792	1389	797	414	430	81	35	10	10758	36	281	823	668	27	132	5728	1153	2785	
163989	806	1447	833	432	440	81	33	9	11132	40	291	799	684	16	116	5781	1160	2912	
163570	737	1478	840	461	462	80	32	9	11528	41	295	847	639	21	123	5887	1180	2910	
163200	641	1504	844	465	449	79	33	9	11968	43	298	825	626	19	161	6001	1206	2809	
162650	701	1528	867	476	454	79	35	10	12383	45	305	841	569	25	165	6141	1241	2899	
162105	788	1524	855	481	487	80	40	11	12806	46	310	840	672	17	155	6427	1293	2962	
161536	819	1572	858	523	496	79	38	13	13235	50	314	834	631	13	146	6455	1295	3090	
160934	845	1677	860	528	494	88	40	15	13686	51	315	847	624	14	160	6496	1319	3213	
160316	885	1704	923	555	523	92	40	16	14105	53	321	855	656	17	151	6747	1369	3353	
159852	848	1655	934	549	542	94	51	15	14611	55	327	886	562	26	157	6934	1424	3249	
159392	778	1654	956	574	535	97	52	18	15089	55	333	866	641	27	183	7087	1483	3163	
158767	817	1683	977	564	534	110	50	20	15616	58	337	838	650	22	199	7423	1530	3205	
158151	882	1765	959	566	504	107	53	23	16116	59	348	831	521	13	168	7639	1540	3296	
157530	923	1809	971	558	514	110	56	22	16628	61	351	830	672	11	131	7508	1490	3451	
156897	947	1861	1019	548	512	120	65	23	17125	61	355	838	642	24	175	7541	1527	3545	
156218	986	1904	1054	587	545	118	68	22	17608	62	361	828	657	17	153	7501	1513	3749	
155708	931	1899	1059	601	561	124	67	19	18134	65	365	862	692	25	205	7872	1578	3664	
155260	849	1839	1102	600	555	126	70	16	18682	67	367	843	553	21	187	7972	1585	3556	
154571	903	1888	1118	581	594	134	72	18	19214	69	371	857	648	25	183	8094	1619	3671	
153922	961	1914	1128	569	589	143	78	17	19762	73	377	854	653	21	176	8144	1649	3733	
153196	1027	1938	1201	581	609	139	83	19	20281	77	382	851	725	22	168	8043	1662	3916	
152493	1058	2008	1162	611	614	137	84	20	20876	84	386	840	719	22	179	7967	1613	4061	
151805	1042	2109	1165	628	643	132	82	21	21426	87	393	863	661	27	211	8183	1732	4069	
151334	899	2076	1192	662	630	125	81	21	22027	91	395	830	671	28	178	8517	1694	3971	
150866	798	2004	1216	643	665	125	80	23	22616	95	402	849	666	26	193	8522	1665	3866	
150150	896	1977	1213	681	649	131	88	22	23223	97	406	847	645	32	236	8842	1771	3864	
149429	982	1962	1236	688	661	124	86	24	23830	99	412	846	648	26	194	8821	1776	3963	
148757	1006	1999	1234	655	644	128	89	25	24476	102	418	844	673	36	197	8892	1777	3978	
148065	1031	2032	1239	633	661	127	81	30	25099	109	426	837	589	26	185	8885	1761	4043	
147388	1065	2062	1244	633	652	129	81	28	25708	113	430	840	681	25	206	8985	1771	4095	
146909	977	1976	1296	639	668	127	79	24	26283	118	437	842	555	22	174	9054	1750	4012	
146409	848	2003	1284	657	668	122	76	25	26878	122	441	853	620	20	179	9081	1774	3884	
145752	898	1958	1301	686	662	124	80	29	27473	124	446	863	700	31	218	8989	1810	3899	
145057	970	1967	1278	647	651	135	81	30	28139	127	451	858	690	23	212	9150	1801	3928	
144387	977	1988	1287	639	640	135	80	26	28783	134	457	905	695	19	183	9122	1758	3988	
143674	1039	1999	1263	645	656	129	81	26	29417	138	466	893	651	33	212	8833	1730	4082	
142968	1079	2046	1279	667	647	124	81	28	30006	139	469	883	660	25	194	8960	1775	4148	
142495	961	2029	1254	632	665	121	79	33	30648	141	475	876	648	33	171	8962	1776	3965	
142057	834	1994	1238	631	660	125	80	29	31262	144	479	859	671	36	186	9009	1783	3779	
141407	873	1964	1292	670	652	124	73	34	31808	149	487	866	661	24	215	9073	1830	3818	
140775	961	1918	1248	652	655	129	75	30	32452	151	487	856	672	24	209	9209	1832	3806	
140137	963	1926	1215	633	664	130	68	33	33119	154	491	841	670	22	180	9179	1809	3790	
139511	953	1978	1181	644	645	132	66	33	33739	157	494	861	640	22	186	8966	1778	3821	
138901	959	1975	1195	632	644	136	65	30	34333	160	503	828	637	32	185	8951	1740	3866	
138481	826	1886	1184	641	659	133	72	25	34959	160	507	851	621	25	175	8997	1710	3691	
138065	701	1857	1177	626	628	125	71	27	35582	161	513	840	558	21	194	8825	1646	3539	
137484	725	1828	1156	640	614	124	62	31	36184	165	520	838	673	37	230	8890	1711	3438	
136947	802	1713	1168	625	614	131	62	32	36748	168	523	816	653	23	156	8759	1629	3486	
136376	819	1737	1143	605	607	128	65	33	37322	170	528	816	672	22	193	8767	1635	3469	
135807	830	1727	1148	603	619	121	62	32	37876	176	532	837	659	17	159	8563	1568	3542	
135284	845	1689	1145	605	600	117	63	31	38438	180	536	850	632	23	194	8483	1544	3520	
134912	737	1640	1146	583	589	111	61	27	39001	184	542	872	651	26	175	8517	1548	3319	
134570	615	1569	1111	577	598	121	62	24	39554	187	545	883	621	17	183	8490	1539	3114	
134031	659	1561	1091	532	593	124	60	26	40118	191	547	880	690	22	224	8581	1617	3003	
133541	737	1492	1030	529	567	128	55	25	40684	193	552	886	639	17	131	8461	1558	2980	
133115	709	1460	1046	509	542	126	58	23	41192	196	557	868	647	16	153	8264	1485	2965	
132653	673	1486	1001	526	511	125	55	24	41715	198	566	824	631	20	160	7848	1440	2937	
132196	676	1481	988	510	493	117	55	25	42222	199	571	805	666	12	145	7780	1400	2920	
131854	634	1396	994	501	485	120	52	23	42695	202	577	831	654	16	154	7564	1391	2791	
131526	577	1325	980	499	469	115	52	26	43173	204	587	849	517	14	133	7427	1328	2689	
131110	589	1291	956	499	481	112	49	25	43620	208	593	840	665	11	145	7225	1312	2665	
130689	608	1287	927	488	473	109	43	30	44070	213	596	879	627	18	153	7087	1326	2609	
130267	619	1246	914	480	472	107	37	27	44543	220	601	874	662	15	134	6828	1261	2614	
129854	619	1250	876	461	468	110	37	28	45002	221	607	864	646	16	157	6558	1258	2563	
129478	599	1260	858	453	432	108	39	27	45442	222	615	853	682	8	135	6541	1223	2526	
129200	524	1238	841	446	427	106	38	29	45839	222	623	871	536	10	102	6410	1181	2439	
128919	468	1213	810	427	417	101	39	27	46258	224	630	876	635	14	116	6271	1159	2316	
128538	530	1126	819	402	404	96	41	23	46687	225	642	862	673	18	130	6165	1120	2298	
128208	555	1073	778	400	373	94	48	22	47107	225	650	881	684	19	121	6055	1098	2223	
127849	514	1130	745	380	385	92	43	24	47490	227	654	913	666	14	113	5998	1108	2181	
127544	506	1048	743	385	419	88	37	24	47849	230	660	890	652	10	111	5884	1121	2105	
127247	511	1009	699	375	397	83	31	26	48256	234	665	886	691	20	126	5721	1060	2045	
127030	447	957	694	360	375	84	28	25	48624	237	672	848	565	11	99	5607	1004	1941	
126814	397	909	690	342	362	82	28	25	48967	239	678	846	543	10	104	5308	961	1849	
126542	380	897	663	333	358	81	30	23	49306	240	680	861	666	8	119	5217	958	1784	
126290	405	839	642	320	329	75	31	21	49655	244	682	857	632	13	98	5150	905	1736	
126038	401	800	618	313	325	78	31	21	49978	246	684	833	660	11	87	5005	856	1710	
125823	395	784	565	297	304	80	32	18	50303	246	686	875	627	16	95	4856	825	1632	
125602	368	787	545	304	284	73	34	14	50583	248	691	861	608	9	84	4620	814	1581	
125429	312	766	526	299	268	81	32	12	50863	250	695	849	665	11	72	4462	771	1513	
125263	298	713	489	294	258	77	32	11	51149	252	697	852	539	13	74	4371	739	1422	
125072	304	666	475	272	254	80	33	10	51412	254	701	828	618	12	94	4122	709	1375	
124881	288	661	450	265	242	82	30	11	51660	256	707	829	648	8	75	4041	677	1341	
124668	304	654	434	256	226	79	29	11	51900	260	712	835	674	7	69	3898	655	1327	
124464	311	655	433	227	225	82	25	11	52118	265	717	827	515	9	83	3757	633	1325	
124289	297	632	410	227	232	78	23	10	52344	267	724	814	664	11	59	3617	614	1285	
124157	259	575	406	232	230	81	22	10	52565	267	729	784	620	9	53	3501	581	1224	
124015	249	546	396	235	200	75	23	9	52782	267	736	809	558	9	67	3316	556	1168	
123854	234	557	385	221	181	71	29	10	52986	267	738	809	632	9	70	3236	559	1119	
123672	236	560	365	217	168	71	28	10	53190	271	745	824	636	14	53	3217	544	1101	
123533	230	518	349	218	175	64	26	10	53384	273	753	835	520	5	54	3100	526	1054	
123370	244	512	341	206	174	66	28	8	53548	273	763	853	529	8	47	2936	521	1050	
123204	231	511	342	191	179	60	26	8	53739	274	768	833	538	5	50	2782	499	1041	
123080	218	479	339	192	171	59	26	8	53914	276	771	826	693	4	52	2722	472	1012	
122972	175	488	296	194	176	59	28	8	54085	276	776	843	533	8	65	2628	481	935	
122840	177	455	306	181	166	63	26	10	54244	277	788	844	625	3	44	2547	453	921	
122711	182	421	304	179	173	60	26	9	54398	279	791	837	534	5	63	2598	458	887	
122601	190	387	279	183	175	61	26	8	54548	281	794	850	647	4	53	2553	468	833	
122481	199	370	267	178	163	61	24	11	54700	281	798	829	480	8	58	2451	446	816	
122352	192	389	238	162	158	63	22	11	54863	282	801	866	557	8	44	2413	427	797	
122266	168	368	236	157	151	61	22	8	55009	283	804	844	533	3	47	2394	430	733	
122184	156	351	237	143	143	51	22	7	55144	285	810	870	674	10	29	2316	395	708	
122082	146	343	247	138	142	47	22	7	55256	286	817	856	513	3	45	2326	398	687	
121975	166	326	234	115	138	43	22	7	55399	287	821	895	513	7	34	2224	361	683	
121860	180	318	227	116	137	38	19	9	55511	288	830	884	517	3	33	2083	342	693	
121768	168	298	227	119	133	38	17	9	55629	290	837	863	520	4	44	2075	343	657	
121686	157	297	214	120	117	34	15	8	55749	293	843	849	548	2	44	1978	323	631	
121590	154	300	198	116	120	33	16	8	55857	293	848	846	524	3	28	1855	298	639	
121519	140	283	203	107	108	34	16	9	55967	293	854	822	480	1	28	1728	283	608	
121420	137	290	208	106	102	31	16	8	56065	293	857	855	501	3	37	1653	286	604	
121331	144	275	216	90	99	28	14	9	56168	295	864	880	513	3	23	1591	262	604	
121260	136	266	194	99	100	21	13	7	56273	296	868	878	324	0	25	1584	254	575	
121196	119	265	180	91	102	23	10	9	56368	296	874	859	645	3	25	1474	242	548	
121123	107	251	175	100	94	19	10	8	56467	296	883	841	505	5	21	1416	216	540	
121063	90	247	179	95	93	20	9	7	56540	297	893	862	488	3	22	1374	212	521	
120994	91	241	158	91	93	18	8	7	56636	298	898	869	543	2	30	1314	215	485	
120933	77	242	150	85	84	19	8	7	56729	299	900	867	589	3	27	1241	203	462	
120868	83	203	150	92	90	16	11	6	56809	299	906	859	514	4	19	1192	183	462	
120814	90	185	135	93	76	20	9	7	56895	300	909	875	535	1	35	1191	186	422	
120745	83	199	128	87	78	19	9	7	56962	300	916	858	526	1	24	1088	183	420	
120682	84	198	132	83	74	18	11	6	57026	300	919	878	622	1	25	1100	182	418	
120633	80	185	113	77	73	17	9	6	57115	301	924	869	637	2	17	1080	170	384	
120591	71	169	118	74	70	20	9	5	57175	301	930	869	627	4	25	1073	171	360	
120539	70	174	107	66	65	18	5	7	57243	303	936	873	487	4	23	1090	178	327	
120491	68	151	119	65	68	19	5	6	57297	303	941	829	222	0	11	1041	167	328	
120438	66	150	115	64	64	17	5	6	57356	303	949	829	536	1	19	1001	160	321	
120380	67	152	108	65	57	15	7	5	57419	303	955	854	648	4	15	934	156	315	
120331	75	147	109	54	52	15	5	4	57479	304	958	874	512	1	14	900	139	318	
120293	76	125	104	50	55	12	5	3	57539	304	967	841	497	3	19	828	136	291	
120265	60	132	98	56	45	10	5	2	57588	304	968	861	508	2	14	789	131	275	
120214	59	143	85	53	46	11	5	1	57637	304	975	880	221	0	14	708	128	274	
120172	59	144	87	44	46	13	5	1	57678	305	979	877	498	4	10	719	126	272	
120133	55	124	83	44	54	13	4	2	57729	305	987	852	518	2	17	672	131	246	
120109	42	113	78	50	53	14	2	2	57767	307	996	841	618	1	16	622	120	232	
120073	40	101	87	51	44	15	2	2	57807	307	1004	831	545	1	16	653	124	216	
120053	45	84	81	45	40	13	2	2	57853	307	1008	826	634	3	11	630	111	199	
120034	37	76	71	42	40	13	3	2	57896	307	1012	816	506	0	8	608	103	179	
120004	38	81	65	40	31	12	3	2	57932	307	1018	813	216	1	9	615	102	168	
119981	39	79	62	34	29	13	3	2	57963	307	1021	847	520	1	9	569	94	165	
119953	46	76	49	33	30	12	3	2	57996	307	1026	825	202	0	7	549	94	155	
119932	36	88	43	28	24	13	3	2	58027	307	1030	809	303	0	11	538	95	140	
119906	26	93	41	28	29	13	3	2	58052	307	1033	796	225	2	5	502	82	151	
119880	29	84	41	30	27	14	3	1	58078	307	1039	819	508	1	9	471	74	154	
119859	33	75	46	25	27	16	4	1	58096	308	1043	855	209	0	7	428	67	159	
119839	31	70	47	25	23	15	2	3	58124	308	1046	839	558	0	13	396	62	151	
119823	27	59	47	30	23	15	2	2	58145	308	1052	833	221	0	4	389	61	142	
119804	30	56	43	28	21	12	3	2	58170	308	1056	833	228	1	10	393	68	125	
119780	29	54	44	27	22	12	3	2	58190	308	1062	819	550	0	8	370	65	126	
119763	28	48	48	19	24	12	4	2	58211	308	1066	780	206	0	9	362	62	121	
119743	28	51	43	14	23	10	5	0	58235	308	1073	800	513	1	6	360	56	118	
119729	25	54	39	11	21	9	5	0	58255	308	1077	814	302	0	4	329	49	115	
119703	24	56	41	11	20	9	5	0	58274	308	1082	829	212	0	6	345	46	120	
