S	E	I1	I2	I3	I4	I5_h	I6_h	R_h	R	D1	D2	H	T	P1	P2	Q	QT	NQ
178622	180	169	76	63	42	10	4	0	365	2	0	233	0	0	0	77	77	467	
178557	113	247	85	55	47	9	5	0	408	2	5	386	764	5	98	147	80	481	
178474	118	265	94	58	52	12	5	0	445	2	8	467	583	2	18	225	94	510	
178389	123	268	100	65	70	14	4	1	489	2	8	541	528	2	28	330	113	531	
178278	133	299	112	68	67	13	5	1	542	2	13	606	585	5	26	436	142	555	
178148	163	306	134	78	72	15	5	1	587	2	22	656	656	2	28	537	171	602	
178045	174	292	148	80	83	16	5	1	658	2	29	709	522	4	15	628	179	619	
177951	170	281	156	92	90	18	6	1	734	2	32	753	496	8	39	818	218	595	
177833	156	330	173	87	86	20	7	1	801	2	37	751	541	1	33	972	248	611	
177699	168	342	182	102	90	19	9	1	877	2	42	762	621	1	22	1073	262	650	
177559	196	342	204	108	87	20	10	1	954	2	50	786	643	7	30	1151	270	697	
177430	196	358	224	107	97	23	10	1	1031	3	53	799	524	4	20	1181	288	727	
177263	202	386	223	115	99	24	11	1	1149	3	57	785	512	3	38	1262	281	779	
177149	211	375	217	120	113	23	11	2	1249	3	60	851	495	3	34	1314	294	776	
177022	196	401	203	122	115	25	14	2	1366	3	64	856	643	6	45	1390	315	761	
176874	213	393	215	126	124	24	12	2	1475	5	70	877	641	5	46	1472	335	772	
176728	213	397	223	139	129	22	12	2	1588	5	75	895	543	2	35	1590	354	781	
176575	210	441	218	139	140	24	12	2	1691	5	76	902	651	4	50	1601	377	807	
176390	259	443	235	146	150	21	13	2	1789	5	80	905	520	7	34	1657	373	894	
176227	258	443	241	155	162	24	14	2	1918	5	84	925	615	5	55	1818	394	903	
176063	268	447	250	156	159	26	14	3	2056	5	86	952	533	9	56	1852	417	903	
175951	229	453	247	153	164	24	12	5	2197	6	92	909	630	5	45	1994	434	848	
175781	250	456	256	136	169	27	11	6	2338	7	96	910	606	5	47	2049	435	870	
175581	296	473	255	137	158	33	12	5	2474	7	102	906	341	7	46	2134	438	926	
175392	298	515	241	140	166	36	13	6	2611	8	107	914	629	9	40	2115	440	969	
175191	289	571	257	132	171	37	14	5	2744	9	113	923	646	10	56	2106	450	1021	
174999	289	569	274	144	182	36	13	7	2892	9	119	918	240	6	47	2186	455	1052	
174870	256	544	281	162	193	35	16	6	3037	10	123	920	610	6	51	2195	478	1009	
174714	238	521	311	187	200	34	16	5	3171	11	125	908	625	9	60	2310	499	1008	
174479	273	573	301	183	179	37	14	6	3345	14	129	909	645	4	71	2367	493	1067	
174248	304	600	302	178	181	38	16	6	3512	14	134	905	541	6	41	2340	493	1126	
174006	312	667	299	182	182	37	18	5	3672	15	138	930	526	5	57	2401	504	1193	
173731	366	685	315	204	181	41	18	7	3827	15	143	905	235	3	50	2389	500	1310	
173461	397	712	352	214	199	45	19	6	3967	15	146	895	660	11	60	2444	504	1434	
173244	389	735	363	210	213	50	20	5	4135	16	153	887	492	7	66	2667	550	1430	
173034	340	745	426	217	222	53	21	5	4293	19	158	876	227	5	69	2765	571	1453	
172733	367	783	437	222	221	50	22	6	4503	20	169	844	583	11	77	2873	602	1500	
172406	419	815	451	235	221	49	20	7	4713	23	174	863	635	11	79	2962	643	1567	
172068	462	834	484	252	236	55	20	7	4911	24	180	871	662	11	74	3034	665	1678	
171716	496	885	492	273	255	57	18	4	5126	27	184	867	636	10	88	3052	697	1779	
171344	519	965	493	274	269	55	19	7	5365	27	196	871	637	15	85	3272	720	1874	
171080	490	946	515	284	292	62	21	9	5604	27	203	894	521	9	81	3468	753	1857	
170815	431	971	528	285	289	60	21	10	5887	27	209	928	555	16	103	3657	768	1817	
170457	470	989	541	298	300	61	22	8	6142	28	217	919	640	11	113	3867	806	1875	
170065	511	1033	552	295	326	64	20	9	6404	30	224	895	678	16	87	3905	815	1986	
169622	592	1087	575	283	316	63	22	9	6703	31	230	936	655	17	101	4025	834	2104	
169211	633	1130	591	298	317	67	26	7	6990	31	232	921	547	20	74	4072	831	2231	
168728	659	1253	614	311	322	67	27	8	7274	31	239	912	356	12	91	4127	850	2403	
168407	603	1233	653	326	350	64	26	8	7584	35	244	918	527	11	103	4299	866	2389	
168097	517	1252	714	335	356	71	24	9	7871	38	249	924	703	16	107	4471	894	2375	
167624	555	1299	723	354	379	72	30	10	8194	39	254	897	660	15	150	4636	973	2439	
167102	684	1277	746	385	380	82	34	10	8534	39	260	899	670	23	123	4855	1016	2572	
166604	754	1321	763	388	376	82	36	10	8893	39	267	863	554	14	122	4934	1043	2677	
166085	765	1384	806	412	378	84	40	11	9254	42	272	858	701	21	114	5003	1044	2825	
165556	782	1450	840	428	393	80	37	13	9637	43	274	849	556	26	112	5240	1063	2947	
165211	700	1440	834	434	400	84	36	15	10057	44	278	822	536	12	123	5362	1084	2844	
164872	610	1414	880	421	412	90	37	13	10455	47	282	831	523	19	158	5665	1166	2698	
164366	631	1447	876	457	414	90	35	17	10865	48	287	826	714	28	142	5964	1205	2745	
163857	685	1444	905	475	427	90	36	15	11258	49	292	825	563	15	131	6164	1274	2788	
163353	701	1498	903	457	422	92	38	14	11709	50	296	803	664	18	132	6246	1274	2837	
162856	740	1467	923	456	439	92	44	14	12146	51	305	826	664	18	138	6089	1257	2904	
162354	763	1471	932	470	461	93	54	14	12559	51	311	843	648	29	130	6192	1275	2969	
162003	694	1453	898	443	469	99	54	14	13034	54	318	853	520	16	137	6345	1293	2817	
161644	621	1385	933	481	489	100	53	14	13433	57	323	851	677	19	131	6454	1332	2730	
161142	651	1449	916	453	469	103	54	13	13892	60	331	854	654	18	150	6619	1357	2738	
160642	712	1408	930	451	482	108	58	12	14331	61	338	885	651	23	133	6739	1362	2787	
160121	763	1433	924	459	443	112	59	11	14802	63	343	865	567	18	161	6709	1344	2849	
159594	819	1453	912	464	460	113	57	12	15236	66	347	853	525	18	128	6615	1331	2947	
159082	800	1549	876	448	459	115	57	14	15711	68	354	883	539	17	148	6593	1357	2947	
158764	664	1520	891	452	440	114	58	15	16183	72	360	868	556	10	116	6683	1318	2821	
158429	599	1467	868	463	459	108	54	15	16627	75	369	852	622	11	113	6640	1271	2747	
157926	630	1479	879	471	454	97	45	19	17081	79	373	844	643	22	161	6750	1301	2754	
157450	677	1431	932	487	456	93	52	21	17476	79	379	838	636	17	143	6798	1316	2812	
156959	722	1446	923	455	454	95	58	18	17941	80	382	827	528	12	127	6767	1274	2879	
156445	759	1460	931	462	462	97	58	19	18369	82	389	842	667	20	148	6690	1255	2974	
155932	783	1509	936	445	460	99	61	18	18813	83	394	815	678	10	145	6750	1229	3064	
155590	705	1463	922	454	456	100	61	19	19281	83	399	792	565	18	122	6529	1207	2954	
155239	606	1475	918	455	453	107	60	19	19709	86	406	809	666	22	153	6634	1249	2825	
154747	662	1444	931	477	445	104	58	19	20146	90	410	836	569	19	160	6614	1278	2843	
154272	721	1372	946	471	439	111	61	19	20616	93	412	813	582	19	133	6739	1268	2853	
153801	726	1369	981	482	451	116	56	23	21016	98	414	831	651	10	142	6935	1290	2891	
153325	731	1399	975	462	444	121	52	21	21479	103	421	820	658	19	144	6873	1275	2909	
152825	742	1456	945	455	447	118	48	22	21941	107	427	826	646	16	132	6861	1274	2937	
152497	683	1384	933	491	466	118	49	23	22350	108	431	848	543	14	123	6914	1276	2848	
152154	578	1415	911	474	484	106	53	24	22786	109	439	821	568	18	130	6851	1295	2726	
151695	592	1423	883	486	469	109	50	22	23249	114	441	800	574	23	169	6935	1314	2698	
151263	646	1357	907	480	455	106	53	23	23687	115	441	833	667	14	133	7028	1322	2682	
150783	693	1355	900	482	446	105	54	19	24132	119	445	817	561	21	125	6832	1298	2737	
150353	678	1399	873	464	439	103	49	17	24578	125	455	840	549	16	132	6671	1267	2738	
149911	666	1417	834	445	445	101	49	18	25058	127	462	819	589	21	127	6663	1244	2713	
149595	604	1370	842	432	416	97	50	17	25514	129	467	847	671	11	117	6630	1210	2601	
149286	567	1271	877	430	427	93	50	14	25912	133	473	871	564	17	114	6476	1152	2563	
148860	597	1238	893	423	434	100	52	14	26305	135	482	897	691	20	142	6494	1195	2542	
148458	606	1221	897	402	421	107	50	12	26734	139	486	827	566	14	131	6546	1184	2520	
148069	609	1211	880	410	388	99	49	10	27175	142	491	810	560	14	118	6569	1161	2485	
147659	627	1204	860	418	370	97	50	13	27594	144	497	801	542	10	91	6154	1075	2551	
147235	648	1243	812	417	380	95	55	12	27984	146	506	801	661	13	122	6069	1080	2570	
146957	590	1190	788	421	386	97	57	13	28372	149	513	853	626	11	128	5985	1086	2443	
146716	495	1135	824	410	371	95	55	12	28746	152	522	831	583	17	116	5886	1088	2297	
146356	507	1112	797	395	387	94	56	10	29143	153	523	818	662	16	127	5789	1078	2270	
145990	538	1100	774	388	365	96	55	12	29533	155	527	793	642	13	121	5794	1080	2236	
145683	515	1085	742	378	349	94	53	13	29931	158	532	813	575	10	123	5792	1075	2141	
145342	508	1088	715	363	351	90	54	13	30307	162	540	819	539	16	111	5605	1042	2127	
144984	519	1078	736	358	363	91	46	16	30630	166	546	829	562	8	99	5467	1035	2156	
144741	475	990	739	351	361	92	44	15	31007	167	551	802	591	6	92	5357	1008	2044	
144499	424	971	719	348	343	98	47	17	31341	169	557	819	507	8	102	5429	1027	1923	
144176	467	931	717	340	330	98	47	19	31676	174	558	838	551	10	96	5326	985	1945	
143880	470	918	665	340	331	94	44	21	32034	176	560	841	248	10	96	5267	980	1882	
143554	473	943	641	341	308	90	43	20	32373	180	567	853	666	12	96	5098	953	1886	
143242	468	966	620	327	312	86	41	20	32693	184	574	870	644	11	89	4922	890	1930	
142937	477	961	636	336	304	75	44	21	32980	186	576	845	625	10	106	4798	862	1971	
142676	467	927	633	310	305	71	40	25	33311	188	580	853	560	9	75	4637	827	1926	
142451	399	926	615	318	312	73	39	21	33609	188	582	857	513	8	103	4538	807	1875	
142159	418	901	630	307	318	64	36	20	33903	190	587	869	517	7	115	4609	862	1812	
141868	447	886	596	306	320	64	32	21	34205	192	596	839	613	12	84	4597	845	1806	
141576	440	885	597	298	324	64	31	15	34508	193	602	847	509	9	79	4481	815	1824	
141280	443	916	585	282	325	63	28	14	34796	196	605	889	647	17	95	4409	798	1844	
140982	451	935	564	269	328	59	29	12	35097	198	609	862	514	7	99	4394	775	1860	
140784	380	909	578	280	313	63	32	10	35372	199	613	845	661	13	74	4389	764	1791	
140538	376	857	588	277	310	61	29	12	35667	203	615	853	677	10	89	4347	776	1722	
140265	375	838	581	277	329	61	31	11	35942	205	618	867	679	11	95	4245	784	1708	
139981	390	852	551	280	322	65	28	15	36219	207	623	842	638	16	101	4332	798	1690	
139720	381	856	541	298	308	63	25	18	36490	208	625	828	638	11	83	4216	784	1688	
139453	404	834	537	296	310	74	24	17	36750	208	626	843	645	9	73	4031	748	1731	
139167	431	855	484	286	292	71	27	15	37068	209	628	848	638	17	89	4073	747	1699	
138974	386	802	510	293	287	72	30	15	37320	211	633	854	536	11	68	4077	744	1636	
138776	328	819	503	285	284	75	30	16	37567	213	637	848	694	14	92	4044	748	1576	
138537	335	773	508	281	296	77	29	14	37824	217	642	849	641	6	104	4062	756	1543	
138269	361	753	514	274	287	71	28	11	38098	218	649	859	667	7	93	4143	749	1539	
138026	358	761	498	272	281	66	30	10	38358	219	654	802	625	13	77	4061	724	1542	
137784	378	733	496	274	276	61	31	10	38611	221	658	817	688	12	86	4020	714	1535	
137531	412	731	478	240	266	63	32	8	38885	224	663	835	614	9	86	3934	681	1541	
137339	368	741	460	240	265	63	34	9	39125	224	665	809	536	12	74	3885	670	1501	
137168	320	726	458	240	260	62	31	9	39364	227	668	847	517	6	84	3904	674	1423	
136951	305	705	479	247	263	62	34	7	39580	228	672	863	643	9	85	3858	669	1426	
136704	317	718	455	252	271	58	32	8	39807	232	679	873	483	9	67	3890	665	1438	
136465	324	715	476	234	274	58	34	8	40028	232	685	895	510	7	86	3818	674	1441	
136224	347	718	493	216	257	60	35	10	40244	235	694	885	687	10	73	3674	654	1472	
136000	367	704	457	227	256	59	34	11	40482	237	699	886	548	4	66	3609	644	1460	
135839	339	682	452	236	242	61	37	10	40692	239	704	859	542	15	57	3546	637	1412	
135697	309	627	452	249	241	59	32	12	40904	242	709	879	653	10	62	3425	629	1340	
135473	304	652	428	228	238	61	33	10	41144	243	719	846	649	11	89	3404	620	1324	
135245	334	642	406	214	238	57	32	12	41384	247	722	852	599	11	81	3424	614	1309	
135064	313	625	395	220	243	52	32	11	41606	248	724	889	636	12	73	3326	604	1276	
134865	309	659	380	215	229	47	30	12	41811	249	727	846	657	8	71	3261	601	1268	
134653	314	660	375	205	244	42	28	11	42020	251	730	873	584	9	50	3171	582	1286	
134508	269	637	386	208	247	41	31	12	42205	252	737	870	644	8	53	3066	577	1242	
134343	244	601	406	215	225	45	31	9	42420	253	741	862	523	13	70	3082	568	1199	
134145	262	577	396	201	228	39	28	11	42643	255	748	849	670	9	73	3060	567	1164	
133955	282	555	378	201	211	40	27	11	42864	256	753	858	642	12	68	3084	564	1130	
133754	281	573	371	193	198	38	25	10	43071	258	761	885	543	2	44	3044	513	1166	
133590	279	549	379	194	198	34	22	10	43252	261	765	859	641	8	58	2958	513	1142	
133418	259	586	369	186	188	33	24	5	43432	262	771	874	492	2	59	2943	512	1133	
133298	230	543	357	192	188	35	22	6	43622	264	776	890	652	11	43	2819	472	1095	
133160	192	544	365	203	182	33	20	7	43778	265	784	877	587	6	72	2797	502	1037	
133013	207	493	370	203	177	35	17	8	43955	268	787	877	214	4	50	2833	488	1014	
132874	202	477	335	188	171	35	19	9	44161	269	793	852	535	5	56	2852	486	941	
132727	217	459	329	178	169	31	18	8	44329	271	797	838	616	5	55	2733	480	921	
132577	202	485	316	163	169	31	19	7	44492	272	800	865	552	5	44	2633	469	916	
132439	199	493	307	160	167	33	20	6	44632	273	804	834	511	3	43	2500	457	922	
132333	181	471	295	153	158	36	20	4	44796	274	812	838	610	4	39	2467	428	886	
132225	166	421	308	159	155	37	19	4	44940	276	823	860	622	7	57	2363	416	849	
132083	173	412	308	162	160	37	19	4	45072	276	827	877	516	5	51	2280	427	844	
131949	191	385	292	154	171	38	15	5	45219	279	835	906	653	4	51	2337	433	813	
131815	194	410	270	138	169	36	16	5	45358	280	842	892	499	4	51	2244	436	797	
131695	196	386	264	136	171	38	17	5	45496	280	849	874	637	7	37	2186	426	782	
131586	173	400	251	131	158	38	17	4	45639	281	855	882	630	3	48	2134	394	774	
131493	162	361	255	138	160	38	14	5	45758	284	865	842	607	9	32	2083	370	758	
131386	151	367	242	141	152	35	11	4	45887	287	870	832	614	3	40	2042	372	727	
131264	170	345	237	147	137	33	11	4	46025	288	872	838	657	3	42	2076	354	726	
131175	178	303	244	144	125	32	12	4	46154	288	874	846	666	4	31	2052	346	692	
131075	159	319	239	122	126	34	10	4	46277	290	878	847	511	3	34	1985	334	675	
130953	159	330	234	127	117	34	10	5	46390	290	884	843	510	2	39	1870	310	701	
130856	152	329	214	122	120	36	12	5	46508	290	889	839	522	5	33	1756	311	674	
130779	137	306	215	113	129	35	13	4	46619	290	893	853	522	4	35	1674	313	635	
130691	140	285	199	107	123	31	9	7	46751	291	899	882	601	1	35	1665	292	602	
130599	132	295	204	94	114	32	10	7	46850	291	905	857	658	5	41	1615	274	607	
130506	137	275	193	97	115	32	9	8	46956	291	914	853	502	4	38	1632	274	584	
130423	136	264	188	97	119	26	8	9	47052	291	920	834	534	2	31	1590	277	561	
130326	139	275	192	83	119	26	7	8	47143	291	924	827	542	2	27	1554	255	586	
130249	125	262	196	85	111	21	6	6	47252	292	928	820	496	3	33	1542	246	560	
130185	99	275	182	77	117	21	5	6	47341	293	932	836	486	0	30	1493	255	521	
130116	93	254	194	91	104	19	6	3	47426	294	933	857	501	4	26	1468	244	517	
130031	101	255	186	89	90	18	4	2	47525	296	936	835	507	1	31	1456	234	509	
129943	108	247	170	91	89	19	5	2	47625	296	938	842	648	4	25	1375	223	506	
129867	122	230	160	90	96	19	6	2	47698	296	947	870	622	3	25	1340	224	499	
129781	134	236	153	88	100	18	6	2	47767	296	952	819	595	3	28	1294	230	505	
129707	118	249	149	96	96	19	5	1	47841	297	955	879	548	6	24	1238	231	501	
129649	103	234	151	102	99	21	4	2	47914	297	957	854	550	5	23	1220	235	479	
129597	87	216	140	90	92	22	6	2	48020	297	964	850	228	2	24	1182	215	438	
129528	94	222	132	83	84	20	5	2	48098	298	967	896	558	3	30	1184	219	421	
129463	95	211	132	84	73	22	6	0	48175	298	974	855	212	4	22	1145	211	412	
129400	90	211	130	70	84	22	7	0	48243	298	978	848	647	3	21	1140	214	400	
129329	93	200	129	78	76	20	6	0	48319	299	984	877	515	3	28	1086	201	401	
129280	93	175	129	68	82	21	6	0	48388	299	992	870	214	3	21	1102	197	377	
129239	81	170	119	68	78	21	7	0	48450	299	1001	851	318	1	19	1091	185	359	
129192	77	165	130	64	74	22	6	1	48499	299	1004	843	221	1	20	1029	185	353	
129139	73	159	128	70	69	19	7	1	48559	299	1010	831	236	3	12	993	176	349	
129094	68	148	118	64	68	17	9	0	48631	299	1017	841	552	2	12	974	150	342	
129030	82	133	121	63	70	15	9	0	48689	299	1022	869	518	1	13	895	140	353	
128974	85	142	111	52	61	13	8	1	48763	299	1024	860	654	1	18	838	127	345	
128924	82	148	110	54	49	14	8	2	48814	299	1029	851	213	0	16	818	121	344	
128881	76	149	106	49	48	12	8	2	48868	299	1035	880	216	0	14	782	112	336	
128844	72	146	102	44	49	13	9	1	48917	299	1037	861	513	4	17	739	114	321	
128799	68	151	90	45	61	13	8	2	48956	299	1041	883	700	1	20	709	134	302	
128761	63	146	91	49	58	12	7	3	49000	299	1044	866	637	0	18	731	132	294	
128706	61	138	100	55	56	9	6	3	49045	300	1054	831	336	2	22	748	142	283	
128644	67	156	95	55	51	10	5	4	49090	300	1056	849	510	2	13	744	149	290	
128596	69	152	89	52	53	9	6	3	49140	300	1064	831	534	0	12	736	139	291	
128567	59	144	89	55	47	9	6	1	49187	300	1069	822	560	1	20	769	144	265	
