S	E	I1	I2	I3	I4	I5_h	I6_h	R_h	R	D1	D2	H	T	P1	P2	Q	QT	NQ
178607	175	180	70	67	63	17	3	0	351	0	0	243	0	0	0	97	97	478	
178548	121	235	85	69	54	18	3	0	399	0	1	408	705	3	125	174	102	483	
178455	121	260	89	66	61	18	3	0	454	0	6	496	320	3	17	248	108	510	
178359	130	251	116	73	64	17	4	0	506	0	13	577	577	7	24	349	115	540	
178261	141	277	115	76	59	17	4	0	567	0	16	611	345	3	31	465	141	548	
178151	138	307	116	84	75	17	5	0	622	1	17	662	567	3	24	564	161	581	
178043	148	302	142	86	83	19	6	0	680	1	23	697	534	4	29	706	189	597	
177942	145	303	159	88	86	20	6	0	757	1	26	730	514	3	33	855	217	590	
177814	157	322	169	82	92	23	5	0	838	2	29	758	509	2	38	1028	252	598	
177706	158	346	161	83	90	25	7	0	919	2	36	792	510	5	27	1178	272	598	
177595	154	340	181	92	97	27	7	0	996	2	42	799	525	4	19	1201	247	651	
177454	176	348	190	100	110	26	7	1	1072	2	47	811	536	3	38	1273	287	670	
177307	199	349	207	96	115	22	10	1	1171	2	54	819	334	3	32	1368	303	695	
177204	184	366	193	97	110	25	11	1	1277	2	63	814	499	7	28	1381	293	693	
177093	181	358	214	118	112	28	10	2	1349	2	66	807	511	1	30	1431	307	714	
176943	199	379	208	120	116	28	11	2	1455	2	70	832	628	4	29	1457	294	767	
176775	219	404	193	122	128	27	12	2	1571	2	78	832	677	6	43	1503	315	790	
176614	237	416	207	132	128	25	14	1	1673	3	83	820	660	3	45	1567	340	819	
176460	244	430	215	137	127	26	15	2	1784	4	89	848	497	4	38	1597	341	853	
176288	237	479	224	144	132	23	20	2	1880	5	99	834	578	4	40	1669	360	899	
176150	225	465	246	156	147	21	20	3	1990	5	105	860	504	8	37	1766	373	907	
176015	237	443	254	160	156	21	21	3	2107	6	110	867	680	6	42	1778	387	905	
175830	255	463	255	171	159	22	21	3	2233	6	115	852	625	7	57	1867	417	929	
175619	283	490	257	164	173	26	20	4	2368	6	123	860	563	6	53	1974	465	948	
175447	283	522	252	161	171	27	22	2	2513	6	127	823	546	6	60	2111	488	950	
175273	263	536	270	161	173	29	21	5	2662	7	133	801	571	6	42	2179	476	977	
175085	260	549	262	170	172	29	22	5	2826	9	144	789	619	10	48	2231	466	998	
174930	262	527	283	172	181	35	23	5	2960	10	145	793	563	10	39	2249	454	1029	
174756	257	536	280	179	182	35	21	6	3118	12	151	803	534	6	58	2349	454	1036	
174551	265	569	286	195	170	38	19	7	3265	14	154	780	521	4	54	2385	452	1090	
174335	297	589	298	185	165	42	17	8	3426	17	154	800	542	6	68	2504	475	1118	
174102	320	633	300	197	168	47	17	8	3564	18	159	819	546	13	56	2540	483	1199	
173883	320	630	310	219	186	46	15	8	3729	20	167	826	322	5	64	2525	495	1231	
173608	363	639	324	216	201	43	14	8	3923	21	173	797	568	5	67	2554	482	1318	
173405	358	647	333	206	210	45	16	8	4104	21	180	774	585	9	69	2617	508	1307	
173209	344	653	327	218	204	40	15	9	4305	22	187	787	236	8	75	2831	547	1254	
172920	346	747	321	218	212	43	14	10	4482	24	196	783	555	6	80	2950	591	1310	
172634	389	753	351	209	227	50	17	9	4663	26	205	796	652	9	71	3088	605	1391	
172351	410	786	373	224	236	52	16	10	4840	26	209	807	534	7	77	3195	644	1453	
172064	440	804	398	230	238	47	14	10	5051	28	209	808	541	9	63	3293	636	1535	
171754	474	842	414	237	229	46	19	8	5266	28	216	833	599	10	72	3277	640	1621	
171505	452	860	452	232	231	52	23	8	5465	30	223	845	605	8	77	3419	679	1623	
171270	410	851	470	236	247	55	26	9	5700	31	228	851	497	16	76	3534	691	1604	
170936	415	898	498	247	256	58	24	7	5925	33	236	844	511	5	81	3594	705	1691	
170595	466	907	530	268	250	59	28	7	6151	33	239	811	613	8	76	3599	725	1783	
170212	505	981	538	274	246	58	29	6	6408	34	242	810	703	14	81	3620	735	1896	
169840	520	1003	554	297	281	52	27	5	6670	38	246	796	599	10	82	3510	718	2016	
169416	570	1086	576	309	282	48	27	6	6919	40	254	820	685	12	106	3672	746	2152	
169139	538	1050	608	335	285	50	28	6	7196	42	256	844	521	10	80	3763	759	2135	
168824	508	1077	598	355	291	51	27	7	7491	44	260	849	561	8	119	4027	832	2075	
168439	521	1113	624	357	301	50	26	7	7782	45	268	859	577	17	103	4222	868	2124	
167970	588	1159	619	346	337	49	27	7	8110	46	275	887	538	18	96	4266	855	2270	
167532	618	1166	661	375	343	49	28	8	8421	46	286	879	652	17	123	4516	913	2327	
167135	605	1206	688	380	346	48	31	9	8748	46	291	866	667	18	115	4629	942	2362	
166738	575	1218	699	401	370	49	30	8	9098	49	298	853	677	11	103	4760	935	2407	
166417	558	1211	668	378	385	52	30	8	9472	54	300	855	660	18	120	4924	970	2312	
166103	533	1178	693	364	374	54	33	5	9828	58	310	867	566	20	116	5140	1023	2206	
165666	586	1214	715	356	357	60	35	5	10165	60	314	846	649	14	124	5230	1048	2275	
165233	601	1252	715	367	371	63	39	7	10508	60	317	845	626	12	97	5331	1074	2334	
164850	623	1225	732	362	366	67	40	10	10873	61	324	830	717	19	103	5275	1044	2371	
164421	635	1261	755	354	375	66	37	11	11226	62	330	833	643	13	115	5287	1055	2428	
163981	674	1253	778	388	379	63	39	11	11571	63	333	855	611	13	106	5375	1049	2525	
163645	610	1249	800	376	406	69	44	14	11917	66	337	885	519	11	119	5352	1074	2480	
163343	562	1196	814	388	397	75	47	17	12282	67	345	874	528	9	123	5460	1094	2385	
162940	563	1221	801	395	401	75	51	17	12651	68	350	847	535	17	160	5644	1167	2340	
162510	613	1201	792	434	395	84	51	19	13011	68	355	855	564	16	102	5588	1148	2422	
162099	629	1204	808	436	394	84	48	19	13383	70	359	845	612	20	118	5556	1135	2468	
161665	620	1290	801	400	383	86	50	16	13789	71	362	868	598	17	116	5578	1134	2496	
161241	626	1305	803	411	404	86	49	19	14151	72	366	878	548	9	112	5709	1137	2547	
160919	597	1246	800	407	405	90	48	18	14555	76	372	874	575	17	126	5844	1128	2465	
160613	517	1260	798	404	418	83	48	15	14924	79	374	868	527	17	117	5829	1113	2415	
160194	546	1228	805	426	429	82	48	20	15295	81	379	865	661	16	147	5943	1170	2394	
159806	583	1192	781	392	419	98	49	20	15723	85	385	858	584	12	136	6052	1159	2355	
159383	604	1209	757	399	407	93	50	20	16129	89	393	857	560	8	125	5983	1150	2369	
158979	587	1228	773	396	389	104	53	20	16516	90	398	839	551	3	120	5766	1125	2405	
158563	596	1211	732	413	411	105	45	23	16936	96	402	833	572	13	127	5869	1112	2401	
158286	535	1164	730	403	402	106	43	22	17338	98	406	813	596	15	123	5934	1071	2312	
158002	483	1164	711	379	385	106	46	20	17727	100	410	833	532	14	129	5989	1073	2201	
157618	463	1206	700	389	376	105	49	19	18084	103	421	850	656	12	120	6044	1075	2213	
157229	519	1153	723	381	364	102	45	21	18462	107	427	843	651	12	102	5980	1052	2235	
156817	559	1185	751	370	360	99	46	20	18786	110	430	854	494	9	109	5989	1070	2300	
156428	583	1170	766	363	362	102	48	18	19147	112	434	850	692	11	101	5790	1058	2336	
156038	579	1189	767	358	358	98	45	20	19527	115	439	889	595	14	115	5621	1042	2352	
155770	524	1151	776	370	348	95	45	20	19873	117	444	865	654	9	121	5616	1051	2258	
155476	500	1098	795	364	354	91	44	21	20223	118	449	879	599	10	99	5641	1055	2191	
155110	527	1086	764	347	347	90	40	20	20627	122	453	881	562	13	122	5607	1049	2152	
154736	542	1090	775	355	327	92	41	17	20973	124	461	873	664	10	107	5474	1020	2202	
154389	529	1098	732	348	342	92	36	18	21353	130	466	883	540	11	93	5351	972	2205	
154017	522	1123	713	334	366	86	41	18	21711	130	472	866	588	10	112	5282	1001	2184	
153635	574	1089	682	338	375	87	44	18	22085	130	476	856	552	14	91	5295	963	2226	
153396	502	1059	679	347	357	91	39	19	22430	133	481	855	589	8	85	5233	956	2118	
153159	446	1026	666	346	347	87	34	19	22779	138	486	852	554	15	118	5293	970	1982	
152846	451	1037	647	342	320	84	35	16	23127	141	487	849	557	13	101	5217	951	1965	
152516	493	995	636	338	332	80	36	17	23455	143	492	878	530	12	77	5090	917	1993	
152166	527	986	653	342	329	77	38	16	23759	144	496	885	518	5	94	5064	945	2007	
151867	507	960	667	338	351	79	36	14	24066	146	502	872	573	10	111	5050	947	1991	
151559	498	975	656	331	347	70	32	13	24396	150	506	888	635	9	107	4973	948	1961	
151325	438	985	637	335	312	73	34	11	24722	152	509	895	521	11	92	5050	959	1855	
151144	340	974	627	312	300	73	37	9	25052	153	512	897	542	5	92	4965	911	1752	
150820	367	973	611	296	316	75	36	8	25353	155	523	896	570	10	81	4942	889	1785	
150530	401	916	615	311	305	80	39	5	25647	157	527	909	591	11	95	4967	900	1767	
150237	426	896	613	297	288	81	37	8	25957	161	532	904	547	6	85	4725	857	1781	
149922	451	907	589	301	281	77	39	8	26259	162	537	887	590	15	89	4681	850	1795	
149614	456	922	615	284	273	79	38	9	26533	165	545	888	561	7	84	4650	823	1844	
149400	394	920	572	279	281	75	41	6	26851	165	549	882	622	9	82	4649	804	1758	
149219	338	855	592	278	293	76	41	7	27112	167	555	846	244	13	85	4567	794	1679	
148960	339	829	570	272	285	76	41	9	27424	168	560	827	649	9	120	4579	819	1593	
148668	366	814	568	261	283	68	41	7	27718	171	568	859	574	13	82	4465	810	1591	
148359	400	846	543	237	279	68	39	10	28010	172	570	861	551	11	81	4431	814	1598	
148110	412	830	552	235	266	72	36	8	28264	176	572	878	550	7	84	4455	813	1590	
147848	408	813	575	242	280	76	33	9	28496	179	574	894	640	12	67	4257	789	1638	
147659	371	760	578	239	290	73	33	8	28761	180	581	904	641	12	76	4290	783	1561	
147483	344	717	527	246	277	68	32	9	29066	181	583	897	610	8	84	4277	772	1439	
147253	345	698	528	247	250	65	31	9	29336	183	588	884	579	8	92	4276	756	1408	
147012	349	727	491	244	240	62	29	12	29593	184	590	891	234	6	71	4250	731	1411	
146771	351	743	469	241	231	62	29	11	29845	185	595	867	635	12	68	4088	704	1422	
146541	346	750	441	251	232	58	30	10	30091	186	597	835	510	6	62	3756	668	1440	
146282	365	733	451	250	241	58	32	10	30323	188	600	834	692	11	87	3747	687	1443	
146106	350	704	452	236	238	53	32	8	30558	191	605	828	580	5	77	3770	669	1396	
145941	310	670	456	234	234	52	34	7	30794	191	610	825	628	5	72	3799	668	1322	
145712	320	679	466	217	222	50	33	8	31021	191	614	855	697	10	82	3882	665	1322	
145448	360	692	461	225	219	50	35	8	31224	192	619	822	559	6	63	3820	664	1378	
145215	372	685	459	240	221	54	30	8	31431	196	622	857	644	11	56	3663	655	1406	
144984	356	715	447	232	228	51	28	7	31661	197	627	858	519	8	73	3534	651	1406	
144750	344	745	434	231	232	52	29	8	31876	199	633	864	541	4	61	3454	639	1428	
144585	311	707	451	258	229	49	34	6	32066	199	638	853	650	7	61	3451	622	1417	
144428	285	673	448	256	225	50	33	8	32286	199	642	874	654	9	69	3474	602	1368	
144227	289	638	447	253	238	51	33	8	32501	201	647	891	525	4	76	3360	603	1346	
143995	312	660	432	221	220	54	33	9	32742	203	652	903	507	9	74	3302	592	1340	
143783	315	652	439	237	219	56	35	7	32929	203	658	884	639	12	62	3246	602	1351	
143572	334	624	458	239	202	56	35	7	33138	205	663	895	653	14	74	3185	603	1345	
143345	331	666	454	228	196	54	36	7	33339	206	671	898	641	8	64	3235	622	1343	
143164	305	640	437	230	203	50	37	9	33573	208	677	892	638	8	55	3261	586	1316	
143012	269	609	412	235	197	50	38	10	33810	211	680	848	472	4	73	3195	563	1247	
142812	267	613	390	224	198	49	36	11	34037	213	683	876	504	6	79	3248	557	1220	
142583	302	595	392	227	198	49	32	11	34243	217	684	841	507	10	63	3268	548	1247	
142384	295	622	388	202	214	44	31	10	34431	220	692	831	653	12	67	3271	567	1229	
142170	311	616	380	209	219	46	28	10	34622	223	699	842	679	14	64	3195	554	1255	
141962	327	596	374	209	215	45	27	11	34839	224	704	854	597	10	62	3158	555	1238	
141827	288	601	370	204	208	47	27	9	35022	225	705	848	635	8	70	3208	556	1189	
141690	230	617	374	196	197	50	27	9	35204	228	711	871	583	5	58	3114	555	1136	
141523	239	566	364	202	211	48	29	7	35401	229	714	874	612	7	62	3046	536	1123	
141353	254	525	384	190	206	49	30	8	35586	229	719	879	582	8	62	3076	534	1104	
141188	272	499	370	181	197	50	26	9	35784	235	722	886	537	7	52	3020	524	1071	
140987	285	532	331	174	189	50	24	11	35986	236	728	884	655	12	57	2925	505	1080	
140761	297	590	320	170	184	49	22	11	36156	237	736	909	568	2	42	2853	497	1135	
140624	270	562	335	171	188	49	20	10	36325	238	741	900	542	7	41	2766	455	1140	
140495	238	563	321	177	177	46	19	12	36501	238	746	872	609	6	58	2723	474	1067	
140331	233	566	313	189	165	46	15	12	36670	241	752	878	513	6	68	2726	477	1050	
140162	249	546	330	193	164	47	14	11	36820	243	754	851	651	8	46	2637	456	1087	
139974	246	560	345	186	156	47	13	9	36994	243	760	840	637	8	65	2669	455	1098	
139815	256	521	356	195	153	47	13	9	37164	243	761	837	515	5	46	2587	448	1093	
139652	254	503	353	195	158	46	15	10	37338	243	766	851	539	4	55	2559	435	1089	
139527	228	495	356	184	146	44	12	9	37516	246	770	870	507	5	53	2581	424	1041	
139427	198	499	320	161	157	45	11	9	37682	246	778	859	635	6	59	2572	457	934	
139295	189	487	320	157	167	43	10	7	37827	247	784	863	632	8	53	2628	464	909	
139141	204	467	310	152	168	42	11	7	37991	248	792	865	509	6	40	2621	432	922	
138997	203	467	316	151	157	37	11	8	38134	248	804	864	530	8	47	2559	429	913	
138854	198	458	320	147	162	35	13	6	38285	248	807	850	521	5	49	2416	421	912	
138702	196	449	328	148	155	36	14	6	38435	249	815	862	332	6	46	2416	412	914	
138601	183	412	315	159	144	35	15	6	38594	249	820	852	526	6	48	2355	384	879	
138496	165	398	308	149	140	36	15	7	38743	250	826	852	645	5	52	2343	387	824	
138334	185	413	307	139	129	35	16	7	38884	252	832	820	670	10	49	2307	383	841	
138186	197	424	283	134	126	33	18	6	39036	252	838	845	655	2	35	2287	366	849	
138042	215	421	277	129	116	32	18	5	39181	255	842	879	339	6	38	2191	358	850	
137907	209	418	280	128	123	29	17	4	39312	257	849	850	313	5	44	2177	366	838	
137766	204	435	260	131	129	27	17	3	39447	257	857	851	707	6	42	2199	371	832	
137680	169	421	258	139	132	27	18	4	39568	257	860	829	538	4	30	2117	373	791	
137574	158	415	240	133	118	27	20	5	39719	258	866	839	528	7	34	2061	353	758	
137461	155	396	239	134	128	28	18	5	39840	260	869	835	529	4	46	2019	351	747	
137342	163	377	246	130	138	26	23	5	39950	260	873	815	657	6	40	1959	347	756	
137216	192	358	241	125	140	24	20	5	40073	262	877	844	609	3	39	1886	330	770	
137097	201	347	242	126	133	22	20	6	40193	262	884	839	521	5	43	1847	329	762	
136993	195	336	237	115	144	24	18	6	40314	264	887	861	640	3	36	1831	325	744	
136937	142	337	223	116	145	27	19	4	40427	265	891	839	540	8	41	1844	331	678	
136850	125	329	220	100	133	24	22	4	40563	267	896	834	524	8	46	1870	339	614	
136760	132	306	229	100	126	22	21	4	40666	269	898	811	643	2	38	1825	333	603	
136645	146	298	225	113	119	20	22	4	40767	269	905	826	627	6	29	1810	336	607	
136552	140	303	204	114	116	21	23	4	40880	269	907	818	608	3	31	1816	338	583	
136452	148	285	211	110	115	21	19	6	40984	271	911	821	486	1	26	1740	318	591	
136348	151	294	203	96	119	24	17	7	41087	272	915	833	521	3	35	1679	301	603	
136263	142	285	194	96	118	23	15	7	41193	273	924	831	530	4	33	1668	292	581	
136189	119	291	190	92	110	22	15	6	41299	273	927	845	559	1	31	1609	282	557	
136090	128	287	185	98	100	21	14	7	41397	274	932	806	511	3	28	1571	281	552	
135999	125	279	179	87	103	21	12	8	41506	276	938	811	647	5	26	1463	249	557	
135895	138	286	169	82	89	24	12	8	41611	276	943	844	592	4	27	1361	245	555	
135809	132	283	172	85	86	22	12	7	41702	276	947	832	608	4	25	1337	244	548	
135733	104	293	165	89	94	23	11	8	41786	276	951	833	531	2	23	1323	237	542	
135667	101	267	172	92	90	23	11	8	41869	276	957	839	627	1	22	1300	229	527	
135607	85	253	169	90	96	23	9	8	41953	277	963	821	612	5	30	1293	222	503	
135511	92	263	145	90	92	22	8	8	42057	278	967	855	498	8	32	1255	218	494	
135432	104	243	145	79	95	21	8	8	42147	278	973	832	520	1	26	1210	203	492	
135361	105	231	151	76	96	23	8	8	42216	279	979	839	633	7	28	1184	213	477	
135273	107	239	156	68	81	20	7	8	42310	280	984	794	543	2	25	1149	198	480	
135197	113	223	154	86	81	20	5	8	42377	282	987	805	192	2	20	1146	196	486	
135133	112	215	149	85	76	17	5	6	42460	283	992	795	532	2	22	1125	191	468	
135072	101	214	151	83	79	17	7	4	42527	283	995	793	345	3	30	1169	205	447	
135002	99	217	141	73	71	16	6	4	42621	284	999	821	658	0	28	1189	205	418	
134913	114	218	134	73	73	14	6	3	42695	284	1006	798	515	2	18	1191	208	424	
134858	107	216	138	62	73	12	5	4	42766	284	1008	830	523	4	15	1166	191	422	
134810	96	203	131	72	71	11	5	5	42830	284	1015	827	639	2	19	1113	179	410	
134756	86	196	135	66	78	13	5	5	42891	284	1018	838	626	5	17	1065	193	386	
134702	83	184	125	64	82	12	7	5	42959	284	1026	867	577	1	24	1071	195	362	
134643	85	179	113	68	81	13	9	5	43018	284	1035	846	530	4	25	1058	202	346	
134589	75	182	106	62	77	14	9	4	43091	284	1040	884	540	2	24	1048	199	326	
134525	84	172	108	63	76	14	10	5	43147	284	1045	886	330	1	24	1055	211	316	
134471	79	179	99	61	72	12	9	7	43210	284	1050	881	531	3	19	988	194	317	
134413	76	182	96	56	72	11	8	8	43273	284	1054	878	536	3	17	954	184	317	
134364	76	176	95	51	73	12	9	7	43327	284	1059	897	498	1	19	932	182	310	
134324	69	171	93	57	69	12	9	7	43375	284	1063	897	240	2	19	971	176	304	
