S	E	I1	I2	I3	I4	I5_h	I6_h	R_h	R	D1	D2	H	T	P1	P2	Q	QT	NQ
178585	157	189	96	74	54	11	5	0	362	0	0	213	0	0	0	80	80	506	
178498	122	260	94	72	60	10	5	0	410	0	2	358	695	4	115	189	102	521	
178404	123	282	101	76	63	9	4	1	465	0	5	485	635	3	30	301	124	534	
178291	152	285	118	77	66	9	4	2	523	0	6	538	219	1	16	368	127	584	
178196	164	264	132	87	83	11	4	2	580	0	10	631	554	3	30	484	150	595	
178069	157	321	137	83	91	9	3	3	647	0	13	674	605	4	33	632	174	627	
177960	155	335	151	89	95	12	4	3	709	0	20	694	565	4	35	788	199	642	
177872	139	330	158	102	108	12	4	3	781	0	24	735	526	3	30	955	236	617	
177747	167	312	170	115	111	16	6	2	859	0	28	761	622	4	45	1131	282	615	
177606	188	331	172	107	121	17	7	2	950	0	32	806	559	7	33	1306	307	636	
177455	218	368	170	111	116	16	7	3	1035	0	34	833	536	3	28	1405	336	670	
177299	225	402	192	128	115	18	7	3	1108	0	36	843	523	2	24	1397	335	752	
177156	232	407	189	136	116	19	9	3	1225	0	41	854	637	4	31	1424	327	781	
177029	216	420	205	129	110	20	11	2	1342	0	49	870	504	2	37	1516	330	781	
176924	188	422	223	127	110	20	10	3	1453	0	53	897	504	3	35	1532	332	768	
176767	207	418	220	141	127	23	9	4	1559	0	58	874	535	5	43	1563	338	807	
176587	230	430	233	141	132	25	11	4	1677	0	63	885	531	8	35	1577	340	862	
176412	251	459	243	139	142	28	10	5	1777	2	65	904	606	4	52	1659	382	890	
176252	245	464	276	143	144	31	12	5	1890	2	69	934	493	4	42	1682	392	923	
176061	275	474	277	140	146	32	15	6	2026	2	79	894	660	4	43	1674	393	966	
175915	272	465	269	153	153	32	19	5	2165	2	83	898	611	8	35	1751	381	982	
175764	248	494	257	157	158	32	19	3	2309	3	89	865	519	8	44	1845	407	958	
175589	247	514	265	161	168	32	19	5	2436	3	94	851	471	4	64	1966	466	940	
175408	263	520	278	156	168	34	20	5	2580	4	97	886	495	4	35	1981	440	999	
175205	266	541	290	175	176	35	20	5	2710	6	104	903	527	9	55	2072	461	1042	
174973	284	597	301	170	171	32	19	4	2866	8	108	929	561	11	55	2144	453	1121	
174735	310	616	327	180	179	34	18	3	3005	9	117	892	558	6	48	2158	465	1199	
174577	304	584	314	184	190	35	19	3	3194	10	119	854	536	7	56	2238	452	1178	
174376	284	633	316	170	205	39	18	5	3354	11	122	864	602	8	61	2336	473	1192	
174125	308	664	341	172	197	39	20	6	3524	11	126	854	538	8	72	2509	502	1239	
173873	345	681	353	179	188	39	21	6	3708	12	128	843	552	13	51	2585	539	1267	
173595	373	718	362	182	200	45	21	6	3881	14	136	843	562	8	44	2662	553	1348	
173308	407	731	369	196	210	47	24	5	4080	14	142	860	553	8	58	2682	555	1429	
173010	425	777	407	193	213	48	23	6	4269	16	146	859	643	8	69	2811	583	1503	
172762	414	784	436	201	238	50	22	5	4451	18	152	828	551	10	63	2841	598	1547	
172534	381	812	444	222	224	54	25	4	4656	19	158	814	583	12	68	2906	602	1560	
172205	388	899	440	238	227	55	22	7	4866	21	165	843	531	10	97	3092	656	1613	
171830	460	924	466	246	244	52	26	6	5086	21	172	829	531	9	67	3106	674	1744	
171469	513	958	486	254	246	53	26	5	5324	22	177	849	651	11	84	3197	694	1842	
171104	565	977	488	264	280	48	23	4	5572	25	183	886	628	11	71	3220	716	1929	
170731	574	1027	522	260	291	49	24	6	5830	28	191	876	530	10	103	3385	736	2011	
170433	528	1059	555	268	303	54	27	6	6076	28	196	884	658	13	99	3600	781	2013	
170115	513	1079	551	277	329	53	27	6	6356	29	198	880	534	19	88	3813	790	2039	
169668	574	1109	606	297	334	57	24	4	6618	34	208	892	557	14	124	4073	878	2123	
169251	621	1133	613	299	356	61	28	5	6917	34	215	874	250	14	88	4218	880	2231	
168793	654	1217	631	320	341	62	32	4	7225	35	219	885	562	12	95	4310	888	2369	
168314	672	1290	660	351	355	64	32	5	7527	36	227	850	652	11	110	4363	925	2499	
167812	707	1365	725	354	354	70	33	5	7832	38	238	859	642	17	113	4622	949	2659	
167444	646	1376	751	395	376	72	38	7	8145	39	244	868	561	10	117	4832	998	2656	
167069	586	1367	785	424	409	75	43	7	8476	41	251	866	578	12	132	5053	1056	2633	
166525	680	1394	805	458	408	81	42	7	8832	47	254	829	680	18	151	5198	1101	2767	
165970	795	1429	812	473	405	83	38	10	9208	50	260	849	659	30	140	5327	1111	2924	
165387	807	1581	814	452	401	86	40	11	9637	51	266	830	640	15	131	5457	1159	3022	
164825	821	1676	842	461	399	90	41	12	10045	55	266	823	661	16	150	5521	1165	3165	
164186	896	1724	875	486	431	95	41	12	10461	56	270	840	545	23	130	5667	1185	3363	
163778	821	1653	910	506	486	97	42	12	10896	58	274	850	648	24	157	5952	1268	3247	
163361	716	1663	920	517	489	105	50	11	11362	59	280	866	651	19	162	6208	1310	3150	
162882	682	1665	932	542	510	108	47	15	11803	60	287	838	628	24	182	6439	1338	3148	
162332	732	1663	917	556	542	110	46	14	12268	63	290	814	663	25	172	6728	1403	3163	
161805	760	1660	958	537	548	116	45	15	12725	68	296	823	652	26	185	7039	1495	3129	
161241	782	1673	1007	537	542	119	45	18	13199	72	298	816	586	16	151	7133	1494	3211	
160632	820	1731	1012	551	540	116	53	22	13681	73	302	849	675	38	166	7355	1551	3272	
160201	782	1652	1036	556	562	119	52	22	14169	75	307	854	571	17	144	7456	1544	3215	
159839	689	1579	1028	560	549	112	52	25	14707	78	315	849	537	26	142	7655	1483	3086	
159303	713	1590	1016	546	559	114	54	23	15213	82	320	831	680	22	195	7987	1592	3000	
158753	780	1553	1013	548	550	118	63	24	15721	83	327	840	690	24	136	7958	1580	3045	
158259	761	1567	989	551	566	113	61	25	16224	87	330	850	617	13	160	7932	1582	3026	
157658	826	1629	982	527	549	110	63	24	16741	89	335	815	656	28	167	7883	1580	3106	
157104	836	1662	973	534	563	104	61	19	17244	93	340	826	570	23	136	7764	1547	3186	
156693	783	1600	1039	528	546	103	59	19	17719	95	349	832	676	29	157	7650	1543	3115	
156320	691	1583	1036	495	555	102	59	21	18219	99	353	869	679	24	149	7670	1539	2982	
155785	737	1552	1046	495	554	110	57	26	18712	100	359	871	677	12	201	7752	1593	2958	
155253	765	1588	1024	505	546	107	52	27	19198	105	363	845	549	14	139	7768	1571	3016	
154770	760	1560	1043	539	523	109	58	23	19677	106	365	851	581	22	153	7827	1563	3029	
154254	764	1555	1042	535	531	118	57	24	20171	110	372	884	534	23	158	7711	1541	3061	
153721	784	1564	1033	522	535	121	55	23	20688	112	375	885	570	26	173	7846	1569	3045	
153334	739	1486	1026	547	524	128	53	22	21179	114	381	892	515	17	145	7881	1574	2929	
152979	642	1470	1001	527	494	128	50	19	21714	120	389	887	671	23	162	7823	1574	2738	
152509	623	1494	982	522	497	135	52	18	22188	121	392	878	556	16	149	7821	1555	2750	
152030	656	1474	943	530	506	135	52	18	22670	125	394	866	692	16	147	7744	1500	2796	
151596	675	1423	958	521	498	128	52	19	23141	125	397	861	659	17	132	7663	1447	2808	
151144	691	1435	929	503	470	123	47	21	23637	130	403	847	580	16	133	7305	1380	2818	
150721	676	1389	934	501	471	113	49	22	24117	132	408	860	559	14	137	7335	1341	2792	
150401	611	1323	927	501	461	117	46	23	24572	134	417	888	561	11	129	7281	1335	2651	
150066	571	1281	908	486	460	106	43	22	25026	138	426	891	587	12	127	7117	1291	2564	
149651	606	1243	900	476	421	112	42	25	25487	140	430	872	530	14	142	6922	1265	2535	
149237	625	1208	901	471	427	103	45	22	25912	142	440	833	559	22	118	6782	1234	2546	
148823	649	1221	880	428	403	90	46	22	26382	144	445	868	599	20	125	6551	1198	2519	
148428	619	1257	852	412	397	82	44	25	26822	146	449	852	649	14	117	6407	1161	2502	
148042	592	1243	846	430	386	78	47	25	27237	148	459	840	626	11	124	6318	1142	2480	
147751	551	1204	836	394	369	74	46	24	27666	151	467	852	554	11	108	6254	1098	2376	
147474	493	1177	841	404	359	73	48	26	28018	151	469	872	570	8	121	6232	1109	2286	
147068	533	1181	805	402	352	78	45	27	28412	154	476	881	675	14	116	6070	1084	2312	
146701	562	1156	748	413	382	81	41	28	28785	157	479	880	534	11	116	5953	1123	2260	
146331	559	1161	763	384	386	84	42	25	29156	157	485	863	700	17	111	5916	1103	2276	
145979	561	1139	732	372	391	82	45	22	29564	159	487	864	619	9	110	5786	1057	2265	
145640	565	1111	764	376	349	84	46	20	29928	160	490	882	537	16	118	5794	1021	2274	
145382	501	1071	766	376	355	80	45	23	30271	164	499	888	530	10	98	5733	997	2197	
145142	435	1031	740	377	362	79	40	25	30628	166	508	869	652	7	112	5672	1012	2052	
144828	445	993	722	348	353	81	44	24	31017	167	511	864	568	10	127	5698	1010	1976	
144521	467	993	694	343	333	80	40	22	31357	167	516	826	652	13	99	5648	1004	1946	
144236	450	971	682	354	336	79	41	17	31675	170	522	857	618	10	88	5490	967	1946	
143943	445	957	647	345	333	80	42	17	32026	171	527	840	559	11	108	5412	957	1892	
143653	438	937	620	361	315	78	40	17	32371	173	530	840	572	7	102	5302	944	1845	
143429	398	893	615	348	323	78	42	18	32678	176	535	863	524	5	94	5186	935	1762	
143220	355	853	611	319	331	74	42	21	32993	178	536	867	512	7	99	5109	931	1654	
142943	354	852	581	309	321	83	39	22	33307	180	542	880	690	18	100	5039	911	1628	
142680	370	857	573	304	283	87	37	21	33592	182	547	885	546	11	84	4997	902	1609	
142450	374	806	595	270	271	88	38	19	33880	185	557	888	623	7	74	4785	845	1597	
142232	368	776	586	278	261	87	40	19	34137	186	563	872	519	8	80	4531	810	1586	
142000	352	766	573	276	257	82	39	19	34414	188	567	898	557	9	77	4488	774	1571	
141815	325	717	576	277	253	78	40	17	34674	189	572	889	521	10	71	4421	765	1501	
141638	302	667	549	280	243	77	42	17	34948	191	579	883	516	5	69	4267	719	1441	
141415	310	665	527	268	228	73	46	13	35206	194	588	869	551	6	96	4121	729	1388	
141225	312	647	499	244	215	71	41	16	35471	198	594	897	532	3	73	3990	686	1343	
141024	299	647	477	229	216	73	42	18	35711	198	599	919	640	9	61	3766	628	1355	
140822	291	636	468	228	205	71	38	19	35951	199	605	877	482	6	69	3601	605	1332	
140625	290	614	454	252	200	62	33	21	36171	203	608	889	349	3	61	3474	573	1332	
140445	293	610	430	225	194	63	31	22	36404	204	612	871	517	8	68	3523	570	1276	
140311	274	560	434	220	201	58	30	18	36604	205	618	871	516	11	64	3464	559	1218	
140153	248	563	399	202	200	59	27	17	36834	209	622	888	637	3	71	3378	553	1145	
139989	248	567	390	195	182	55	25	17	37029	210	626	923	545	6	55	3336	542	1120	
139831	239	526	395	185	189	53	27	14	37232	211	631	891	524	5	58	3322	519	1095	
139662	254	507	398	169	204	51	23	17	37398	212	638	876	537	2	61	3096	513	1093	
139507	240	486	378	172	211	37	20	13	37610	215	644	865	568	4	69	3053	511	1033	
139387	232	459	362	173	178	30	17	14	37814	217	650	903	594	4	64	3058	507	944	
139280	184	484	328	153	175	29	18	13	37998	217	654	870	510	4	45	2903	477	894	
139137	201	451	323	157	172	35	15	14	38150	219	659	862	543	2	50	2835	460	894	
139000	217	428	292	149	182	32	16	16	38317	219	665	841	665	5	56	2766	461	855	
138875	209	406	299	158	163	34	13	18	38468	220	670	848	570	6	54	2729	442	840	
138739	212	404	272	152	158	40	13	16	38626	221	680	811	235	5	45	2645	437	814	
138603	208	403	291	145	152	39	15	15	38757	221	684	836	260	5	39	2611	424	829	
138512	183	375	288	133	151	35	15	13	38917	221	690	828	227	4	37	2558	401	779	
138425	154	374	283	133	137	36	14	12	39046	223	696	874	552	3	42	2455	400	731	
138316	143	354	281	131	145	36	14	11	39175	223	704	862	672	6	44	2355	396	708	
138206	164	333	263	117	149	32	15	10	39311	223	710	869	567	3	38	2218	376	697	
138115	155	324	248	95	134	30	15	9	39469	225	714	847	612	3	33	2174	338	663	
138020	152	311	248	103	129	28	13	10	39572	225	722	844	507	3	39	2134	333	651	
137904	148	325	262	104	123	30	13	9	39664	225	726	825	521	3	29	2005	322	683	
137815	144	317	246	101	117	35	13	9	39782	226	728	877	510	2	24	1868	308	665	
137752	131	293	231	107	102	35	14	8	39902	226	732	864	219	2	36	1846	300	613	
137667	126	291	214	108	99	32	15	7	40011	226	737	860	552	3	28	1796	299	586	
137576	131	291	211	106	96	33	12	8	40100	227	742	889	258	0	30	1737	309	571	
137491	136	288	197	107	88	33	10	9	40200	228	746	886	564	2	22	1659	287	572	
137406	127	294	186	94	78	31	10	9	40316	229	753	843	546	4	23	1563	263	557	
137335	119	278	176	91	82	31	10	7	40417	229	758	888	514	3	28	1476	232	555	
137284	98	246	186	91	90	33	8	7	40500	230	760	905	526	2	22	1438	226	526	
137225	78	226	182	87	101	30	7	7	40593	230	767	883	547	1	34	1382	227	484	
137145	92	214	152	93	94	30	10	7	40691	230	775	889	530	3	45	1456	246	439	
137079	92	212	158	83	90	28	7	9	40767	230	778	896	222	5	28	1479	244	426	
137008	88	216	153	73	86	29	8	8	40850	230	784	874	253	2	25	1391	222	431	
136951	75	204	160	82	77	24	7	9	40920	230	794	850	551	1	17	1321	210	419	
136906	64	198	155	82	67	24	6	8	40993	232	798	883	519	1	19	1260	184	412	
136862	66	170	159	79	68	23	8	6	41058	232	802	884	234	2	22	1280	197	376	
136823	64	147	158	75	64	23	5	7	41123	234	810	883	502	2	17	1263	189	347	
136771	69	146	145	59	53	25	5	5	41204	234	817	854	503	3	14	1214	177	325	
136721	69	143	140	54	51	22	5	4	41267	234	823	851	517	1	11	1178	169	315	
136677	70	137	129	49	47	22	6	4	41325	234	833	877	191	2	9	1074	148	312	
136614	75	141	129	49	39	21	8	4	41378	234	841	850	301	1	15	898	137	325	
136573	72	140	109	46	45	18	6	4	41439	236	845	848	218	0	13	838	126	310	
136545	56	128	97	48	53	16	6	4	41494	236	850	864	207	2	12	771	119	285	
136513	51	124	95	37	55	16	7	3	41541	236	855	841	241	0	13	769	115	270	
136480	47	117	86	45	45	15	5	5	41590	236	862	862	665	1	24	762	118	242	
136449	43	113	82	45	46	14	5	5	41629	237	865	822	215	0	14	716	117	231	
136414	41	103	76	50	43	13	6	4	41676	237	870	821	231	2	17	695	123	209	
136380	43	97	72	40	35	14	5	5	41727	237	878	812	191	1	9	667	109	197	
136350	37	103	69	39	29	10	5	6	41764	237	884	813	221	1	10	658	102	190	
136328	31	93	64	37	32	8	6	4	41801	237	892	792	232	0	7	646	95	176	
136315	28	77	67	35	29	9	6	3	41834	237	893	839	221	0	12	622	99	152	
136284	29	75	54	34	25	10	6	2	41879	237	898	902	562	1	10	594	92	141	
136254	33	76	49	34	22	10	4	3	41905	238	905	878	225	0	6	562	91	137	
136236	37	63	49	28	20	9	2	3	41937	240	909	860	223	0	6	535	82	126	
136213	33	64	50	27	17	9	3	3	41959	240	915	869	203	0	3	462	71	132	
136184	32	65	51	24	21	10	3	3	41980	240	920	881	216	1	5	412	66	140	
136163	32	64	47	22	22	10	3	3	42000	240	927	866	555	0	10	379	68	132	
136149	30	61	44	21	20	13	2	4	42021	240	928	886	215	0	3	358	56	135	
136131	28	66	36	22	20	13	2	4	42039	240	932	853	232	0	9	353	63	124	
136104	28	67	41	25	19	12	2	3	42055	240	937	867	231	0	4	338	58	136	
136085	29	56	49	21	18	10	2	3	42078	240	942	891	249	0	7	313	52	133	
136063	28	57	41	20	19	11	2	3	42099	240	950	878	203	1	4	295	46	132	
136045	31	53	38	18	20	11	3	3	42117	240	954	899	543	0	10	315	53	121	
136033	18	57	42	15	17	10	3	1	42138	240	959	891	198	0	6	312	55	107	
136020	15	52	39	12	18	11	3	1	42157	240	965	893	240	0	3	311	50	100	
136005	15	48	36	16	12	11	0	2	42176	242	970	853	219	1	5	309	45	93	
135984	19	45	33	17	13	12	1	2	42189	242	976	881	515	1	6	276	42	98	
135965	19	41	28	17	15	11	1	2	42205	242	987	841	235	0	5	285	44	88	
135947	24	35	28	15	19	10	1	1	42219	242	992	832	228	0	8	274	46	86	
135925	26	36	29	10	19	9	1	1	42237	242	998	849	537	0	7	286	46	84	
135914	20	39	23	10	14	9	2	1	42257	242	1002	825	221	1	3	272	42	75	
135902	14	45	19	12	12	9	2	1	42268	242	1007	822	214	1	4	275	43	70	
135893	15	37	22	12	13	6	2	1	42282	242	1008	811	183	0	3	235	37	70	
135879	13	32	20	14	13	6	2	0	42296	242	1016	838	640	1	6	219	39	61	
135869	8	34	19	13	10	6	2	0	42309	242	1021	832	556	1	2	225	33	59	
135860	7	27	25	9	11	6	2	0	42315	242	1029	807	208	0	1	217	32	55	
135855	6	25	22	6	8	7	1	0	42329	243	1031	819	197	0	5	223	32	43	
135839	8	20	26	9	9	6	0	1	42333	243	1039	824	224	0	3	210	36	42	
135829	8	18	24	9	8	4	0	1	42342	243	1047	869	562	0	2	170	28	43	
135818	10	19	18	7	9	4	0	1	42351	243	1053	877	200	0	2	154	27	40	
135811	8	19	17	6	7	2	0	1	42362	243	1057	918	214	0	2	145	22	37	
135795	10	23	17	5	6	2	0	1	42368	243	1063	921	207	0	0	121	22	41	
135788	9	23	15	5	8	1	0	1	42371	243	1069	909	215	1	1	113	20	41	
135780	7	24	14	4	8	1	0	1	42378	243	1073	913	235	1	2	107	20	38	
135774	7	22	10	5	5	1	0	1	42388	243	1077	897	240	0	1	108	15	35	
135768	6	20	13	4	5	1	0	1	42392	243	1080	895	238	0	2	106	11	38	
135754	8	21	13	5	4	1	0	1	42396	243	1087	930	254	0	2	97	11	41	
135748	11	18	11	6	5	0	1	1	42398	243	1091	909	235	1	1	88	11	41	
135740	10	14	17	5	2	0	1	1	42405	243	1095	931	222	0	3	89	12	37	
135734	9	17	16	4	2	0	1	1	42406	243	1100	873	223	0	0	81	10	39	
135726	6	18	14	2	3	1	1	0	42412	243	1107	848	215	0	0	75	8	37	
135721	3	17	12	3	4	1	1	0	42417	243	1111	855	216	0	1	82	7	34	
