S	E	I1	I2	I3	I4	I5_h	I6_h	R_h	R	D1	D2	H	T	P1	P2	Q	QT	NQ
178567	134	182	96	77	53	10	7	0	407	0	0	230	0	0	0	92	92	467	
178490	106	235	97	70	57	11	6	1	460	0	0	366	698	5	124	193	104	478	
178395	138	244	100	65	64	11	7	1	507	0	1	479	560	3	20	265	112	517	
178308	140	257	117	65	58	13	7	1	564	0	3	544	581	3	27	348	121	536	
178202	147	276	122	67	68	15	7	1	622	0	6	612	568	5	19	430	134	568	
178094	159	285	131	87	79	14	6	1	669	0	8	666	556	6	24	526	160	601	
178001	151	286	154	83	91	17	8	1	728	0	13	703	524	3	26	613	182	608	
177932	132	288	162	88	97	16	9	1	793	0	15	716	610	7	42	790	235	557	
177793	156	313	167	90	85	17	9	3	881	0	19	766	332	1	27	958	248	589	
177663	174	310	176	96	86	19	11	3	967	0	28	802	542	5	24	1102	259	613	
177525	195	338	174	93	93	21	11	3	1049	0	31	786	516	3	28	1144	263	662	
177389	182	372	179	106	103	21	12	2	1129	1	37	798	528	3	29	1131	275	700	
177203	224	394	192	113	116	20	11	3	1215	2	40	836	352	1	36	1238	311	759	
177091	217	401	201	116	111	22	11	3	1314	2	44	850	486	6	32	1286	306	773	
176972	197	408	224	122	111	22	12	3	1410	2	50	856	563	4	44	1416	330	766	
176811	211	430	238	127	123	24	11	5	1494	2	57	875	520	7	45	1497	370	794	
176647	216	459	248	116	127	21	13	5	1616	3	62	873	620	10	39	1601	379	821	
176471	238	461	247	117	136	26	11	6	1747	3	70	884	514	8	33	1556	358	878	
176322	234	466	244	133	152	27	9	5	1863	5	73	890	507	6	42	1635	373	892	
176124	265	483	272	140	148	26	9	4	1978	6	78	883	499	8	55	1798	409	934	
175972	262	488	287	128	143	29	11	4	2121	6	82	898	492	8	29	1861	397	951	
175817	256	487	289	144	140	32	13	5	2260	7	83	884	577	2	27	1871	398	963	
175635	280	481	298	152	143	28	15	5	2402	7	87	874	663	4	59	1966	394	1003	
175444	287	506	306	145	135	32	15	5	2556	8	94	825	625	6	52	2031	404	1022	
175244	310	526	299	149	143	34	15	6	2701	8	98	885	524	6	38	2020	398	1078	
175031	310	593	292	158	141	33	18	6	2840	9	102	877	526	8	40	2018	393	1152	
174819	306	610	316	166	156	38	21	5	2978	10	108	871	230	2	45	2030	390	1223	
174661	273	585	351	185	178	33	22	4	3116	11	114	845	539	5	66	2141	426	1201	
174480	257	592	350	195	187	36	23	4	3275	14	120	839	630	3	64	2220	449	1191	
174225	313	595	351	184	199	35	26	5	3461	14	125	867	572	11	77	2259	474	1229	
173972	345	623	363	183	199	35	29	6	3634	15	129	858	532	7	62	2407	496	1281	
173720	359	668	353	181	204	38	30	5	3826	15	134	868	667	10	52	2569	487	1346	
173432	388	717	356	193	192	37	28	3	4025	18	144	872	500	2	69	2591	488	1423	
173130	418	761	370	214	204	38	27	4	4195	20	152	886	519	10	68	2735	526	1506	
172920	400	769	375	216	210	38	29	3	4391	24	158	872	635	9	67	2886	548	1489	
172700	362	784	401	234	214	44	27	6	4569	25	167	857	542	7	71	3076	590	1476	
172414	381	807	408	236	231	44	30	4	4780	25	173	878	632	7	81	3235	629	1508	
172114	419	813	452	244	219	42	32	5	4992	26	175	831	630	10	74	3292	641	1580	
171762	466	864	452	274	219	41	36	6	5207	26	180	858	326	7	68	3356	661	1691	
171413	518	911	452	284	220	43	35	6	5439	28	184	840	695	8	59	3272	626	1837	
171053	530	975	472	291	245	42	36	8	5665	28	188	863	642	13	78	3329	638	1953	
170805	463	1004	502	282	270	40	37	6	5904	29	191	843	594	9	92	3512	676	1922	
170502	436	1015	516	303	294	35	34	6	6167	32	193	850	515	16	98	3620	691	1942	
170090	502	1041	543	320	299	39	34	7	6428	34	196	826	642	17	115	3768	748	2030	
169641	595	1076	580	347	308	38	30	10	6668	37	203	823	549	19	95	3951	815	2159	
169187	641	1129	618	356	321	38	30	9	6957	38	209	825	628	19	97	4087	849	2284	
168773	667	1159	611	357	338	40	30	7	7296	42	213	832	583	11	93	4137	868	2334	
168320	686	1212	633	377	343	39	23	11	7624	45	220	857	556	17	98	4281	856	2457	
167989	620	1212	674	396	349	43	22	11	7946	47	224	863	684	12	123	4533	904	2412	
167632	554	1249	699	394	363	50	25	12	8278	47	230	870	564	18	121	4823	954	2380	
167149	620	1271	719	409	392	55	25	12	8598	48	235	808	619	22	136	5046	1043	2448	
166637	711	1302	746	410	390	57	22	12	8954	50	242	780	577	18	115	5215	1044	2594	
166127	749	1350	779	422	384	59	23	12	9330	51	247	832	547	18	122	5292	1057	2709	
165603	736	1467	803	446	403	61	29	12	9672	53	248	823	569	18	122	5329	1099	2846	
165105	756	1487	801	467	421	63	33	12	10081	55	252	861	510	16	130	5455	1094	2934	
164744	702	1473	814	480	422	61	38	11	10478	55	255	867	539	19	146	5616	1138	2852	
164380	644	1436	842	489	437	63	36	13	10875	57	261	866	568	22	145	5877	1199	2748	
163885	647	1457	867	504	453	73	34	15	11278	57	263	861	535	9	174	6210	1312	2723	
163417	688	1415	890	508	452	80	36	15	11703	59	270	884	698	24	140	6316	1315	2754	
162958	702	1392	894	514	461	85	38	13	12143	62	271	874	525	21	136	6437	1323	2763	
162452	719	1450	875	499	449	87	40	12	12614	62	274	845	626	20	143	6430	1312	2807	
161951	756	1463	875	485	463	93	39	12	13051	65	280	819	631	15	137	6546	1351	2823	
161602	683	1424	891	467	455	88	41	13	13516	67	286	836	537	16	141	6630	1303	2746	
161276	590	1403	887	474	463	98	42	12	13929	69	290	846	613	10	154	6843	1331	2626	
160796	617	1416	872	468	475	101	40	14	14370	72	292	842	554	14	168	6973	1379	2610	
160295	719	1350	898	440	468	98	41	16	14837	73	298	855	576	19	139	7027	1345	2669	
159822	744	1391	883	443	452	104	42	14	15261	74	303	851	550	16	137	6955	1329	2730	
159372	721	1435	896	447	439	106	44	13	15671	79	310	810	651	14	121	6749	1318	2770	
158906	718	1441	869	472	462	103	48	14	16103	83	314	872	648	21	125	6679	1304	2809	
158559	641	1413	855	473	454	105	49	17	16563	84	320	850	572	15	131	6631	1276	2714	
158258	548	1343	862	473	473	103	47	21	16995	88	322	852	513	16	138	6668	1298	2551	
157801	559	1378	835	468	478	99	45	20	17431	91	328	847	595	18	168	6731	1311	2551	
157368	592	1338	853	464	457	96	43	19	17877	94	332	830	571	15	139	6777	1303	2540	
156947	599	1309	858	443	477	90	45	19	18314	97	335	807	546	10	131	6665	1264	2557	
156508	599	1336	844	414	462	93	51	19	18770	98	339	821	671	12	136	6492	1231	2568	
156072	612	1333	849	420	435	93	53	22	19199	101	344	817	680	16	115	6407	1205	2590	
155781	550	1265	873	423	454	83	53	20	19582	101	348	829	537	10	104	6294	1177	2524	
155480	520	1195	875	395	431	84	54	21	20019	103	356	865	520	12	144	6383	1171	2383	
155083	535	1186	860	388	433	88	47	20	20421	110	362	841	652	14	138	6417	1194	2343	
154692	573	1189	799	402	390	89	51	17	20853	112	366	834	565	21	118	6334	1157	2336	
154297	590	1174	815	408	383	94	52	19	21218	114	369	821	562	11	120	6284	1128	2388	
153889	604	1190	818	391	369	89	55	18	21620	115	375	848	541	9	110	5945	1108	2408	
153448	604	1244	790	404	380	85	55	17	22013	117	376	839	521	14	108	5858	1101	2461	
153144	567	1174	834	390	386	85	51	19	22384	119	380	862	513	12	116	5813	1093	2394	
152863	518	1136	794	394	380	81	47	25	22787	121	387	852	669	18	100	5715	1062	2288	
152505	519	1166	763	378	350	93	45	29	23171	124	390	868	561	20	134	5736	1074	2240	
152159	525	1129	759	364	358	95	47	30	23543	126	398	872	516	9	103	5820	1063	2214	
151795	518	1169	738	350	343	94	45	28	23916	133	404	852	563	13	112	5641	1028	2229	
151407	537	1140	741	360	343	89	46	24	24302	134	410	833	526	14	106	5511	977	2279	
151050	543	1119	764	374	352	89	45	24	24623	137	413	824	538	15	113	5465	998	2288	
150770	507	1067	755	375	364	87	49	22	24982	138	417	835	556	15	111	5484	989	2215	
150482	467	1059	736	355	363	94	48	22	25342	141	424	822	673	9	116	5521	992	2130	
150143	495	1040	734	356	367	95	44	19	25671	143	426	814	674	16	134	5551	1026	2105	
149809	518	1049	700	336	354	92	49	15	26036	145	430	843	525	12	111	5550	1061	2037	
149476	497	1073	711	325	336	91	40	19	26379	152	434	823	531	8	89	5467	1018	2055	
149145	484	1079	712	329	350	92	40	20	26689	154	439	831	576	12	104	5245	1011	2075	
148829	488	1046	716	333	343	95	38	19	27024	156	446	852	500	11	96	5158	970	2089	
148607	415	994	707	325	342	97	35	19	27382	159	451	857	517	9	95	5117	926	1989	
148385	352	966	677	338	321	97	37	18	27726	162	454	874	553	13	111	5176	930	1858	
148081	368	953	644	342	323	90	38	19	28049	163	463	851	556	11	105	5096	916	1842	
147787	408	901	654	336	322	90	40	20	28346	163	466	870	559	8	87	4947	867	1884	
147492	415	889	643	332	310	95	44	17	28663	163	470	865	639	6	111	4972	919	1809	
147200	430	872	653	316	299	85	45	16	28972	167	478	878	498	11	82	4761	893	1807	
146924	423	875	623	313	284	88	46	16	29291	167	483	881	503	10	74	4555	844	1808	
146696	379	885	605	292	293	87	43	18	29576	168	491	841	550	8	79	4451	808	1776	
146479	352	853	585	290	284	82	47	14	29880	169	498	841	528	8	96	4412	792	1701	
146223	358	825	569	281	289	81	46	15	30168	174	504	845	667	8	98	4442	800	1649	
145967	383	802	537	280	277	76	42	14	30467	178	510	838	542	4	93	4396	805	1592	
145726	389	775	516	290	287	69	40	13	30734	181	513	822	521	7	75	4217	777	1589	
145485	359	813	497	286	271	69	35	12	30999	189	518	853	650	8	86	4124	747	1583	
145237	374	791	512	267	263	68	35	11	31259	192	524	849	547	6	68	4062	737	1573	
145063	331	766	522	258	250	66	35	10	31508	195	529	888	647	10	66	3800	666	1562	
144869	314	716	525	254	270	63	39	10	31740	195	538	858	655	9	84	3829	699	1482	
144656	304	698	514	261	268	68	43	9	31973	196	543	890	580	7	96	3916	720	1436	
144442	299	689	501	249	255	67	43	10	32229	197	552	894	598	6	76	3951	710	1393	
144251	305	645	483	243	235	65	43	11	32498	199	555	896	647	5	78	3895	674	1345	
144045	327	630	475	223	210	66	47	12	32737	201	560	910	637	8	81	3783	658	1320	
143812	342	662	446	208	217	67	43	12	32951	205	568	879	502	3	58	3639	625	1360	
143674	288	634	446	215	208	63	44	13	33168	207	573	873	514	2	56	3591	608	1290	
143525	254	603	447	217	213	64	43	12	33368	210	577	858	570	5	68	3527	603	1238	
143326	263	615	421	219	203	61	41	13	33576	212	583	836	560	7	76	3580	606	1217	
143143	299	570	395	224	192	64	38	15	33788	218	587	843	545	6	50	3553	585	1197	
142949	303	583	365	221	181	61	38	14	34006	221	591	878	614	4	63	3414	566	1186	
142761	298	589	359	209	188	56	41	15	34201	222	594	883	642	0	64	3210	543	1197	
142583	300	557	371	193	207	57	42	15	34386	223	599	884	505	7	52	3095	531	1196	
142449	263	560	353	175	194	61	40	17	34591	225	605	907	621	9	78	3119	559	1087	
142317	235	536	351	173	190	64	38	18	34771	230	610	876	539	6	55	2985	549	1038	
142155	227	516	367	178	190	59	35	17	34941	231	617	884	607	5	56	2981	554	1018	
141973	239	492	359	180	195	53	34	15	35139	235	619	885	510	3	50	2953	537	1015	
141815	224	500	354	180	192	51	32	14	35311	237	623	863	530	3	50	2860	525	1008	
141659	216	508	358	172	173	51	31	15	35481	237	632	882	671	5	48	2728	507	1002	
141523	193	515	331	176	152	50	31	14	35675	239	634	876	565	10	47	2702	460	988	
141403	190	483	326	167	154	48	28	11	35843	241	639	900	617	3	41	2638	428	968	
141299	176	452	315	162	159	42	26	14	36003	242	643	915	520	10	53	2595	415	917	
141141	189	447	314	162	150	41	21	13	36158	246	651	901	626	5	60	2624	440	884	
140998	201	429	294	146	159	38	22	14	36328	246	658	891	611	4	33	2399	405	884	
140879	198	406	296	135	158	36	22	13	36482	247	661	873	531	7	51	2407	408	843	
140749	191	400	285	137	155	31	22	11	36640	248	664	849	530	3	35	2329	385	836	
140631	175	403	294	142	157	29	22	9	36753	250	668	848	310	2	45	2306	406	816	
140521	180	380	279	133	139	33	21	11	36914	251	671	840	555	2	50	2325	404	761	
140430	166	372	263	131	136	35	18	10	37041	253	678	848	514	4	27	2202	389	732	
140326	152	354	253	142	136	32	18	9	37175	254	682	869	646	6	42	2124	390	697	
140221	154	343	235	134	129	30	17	10	37319	256	685	851	210	1	34	2092	363	679	
140112	164	338	210	120	128	29	17	10	37453	258	694	872	515	5	31	1976	341	665	
140003	154	355	228	101	119	27	12	11	37562	262	699	870	634	1	29	1821	317	679	
139903	154	336	238	100	115	24	12	10	37671	262	708	890	553	5	34	1851	308	671	
139833	141	303	225	93	119	25	12	9	37793	263	717	876	597	8	24	1713	279	639	
139784	109	285	226	80	119	22	13	9	37900	263	723	877	503	4	37	1725	283	571	
139698	116	278	207	75	108	24	11	10	38012	265	729	859	642	2	37	1646	277	542	
139622	124	254	211	78	109	25	11	9	38093	266	731	858	231	1	21	1530	270	542	
139533	131	261	206	77	89	27	15	7	38183	267	737	851	528	1	28	1554	274	532	
139449	130	255	190	74	100	26	15	8	38276	267	743	861	629	4	17	1467	250	540	
139388	119	234	190	78	97	24	15	6	38365	268	749	872	646	5	31	1417	229	528	
139321	103	242	174	87	93	22	16	5	38448	269	753	895	490	3	19	1398	241	496	
139282	90	218	179	77	96	26	19	3	38520	269	754	910	221	2	25	1357	242	463	
139201	98	221	166	80	85	24	21	3	38607	269	758	903	626	6	33	1341	253	442	
139128	104	217	156	67	81	20	22	3	38702	269	764	909	224	4	22	1345	249	418	
139059	103	205	147	78	90	20	20	5	38764	269	773	896	532	3	18	1232	242	421	
138995	91	206	149	75	83	18	16	5	38843	273	779	898	357	3	27	1184	221	417	
138934	86	196	142	78	84	20	15	5	38917	273	783	888	701	2	21	1189	210	411	
138885	74	174	140	82	88	21	15	4	38985	274	791	864	508	1	25	1171	220	374	
138834	68	177	132	76	78	23	14	4	39054	276	797	842	631	3	23	1236	215	353	
138779	70	173	125	75	71	22	13	5	39121	276	803	818	509	0	15	1185	206	343	
138726	73	176	114	63	66	20	10	5	39195	280	805	820	585	1	20	1152	187	335	
138666	79	167	117	58	69	17	7	5	39256	282	810	805	638	1	15	1096	179	335	
138618	77	155	108	61	70	16	6	5	39320	282	815	827	631	0	25	1016	172	321	
138581	69	161	102	56	59	17	7	5	39378	283	815	786	216	1	14	949	153	318	
138550	54	157	92	59	59	13	5	6	39437	283	818	793	219	1	19	966	153	286	
138513	59	134	93	58	65	13	4	4	39486	284	820	813	476	1	19	924	152	274	
138463	73	121	101	50	63	11	4	4	39535	285	823	824	686	1	26	929	167	256	
138414	70	125	106	45	57	14	3	5	39579	285	830	815	218	1	13	872	167	253	
138371	70	132	99	38	53	16	3	4	39629	285	833	816	216	0	12	799	153	258	
138322	65	147	99	38	45	18	4	3	39670	285	837	823	582	2	9	773	144	272	
138284	52	146	100	33	48	20	3	4	39716	285	842	864	223	1	7	721	136	266	
138257	41	140	94	30	50	19	3	4	39764	285	846	880	201	1	14	745	134	243	
138221	39	137	83	34	48	16	3	4	39812	285	851	880	637	1	14	716	131	229	
138180	50	121	80	31	48	15	3	2	39862	285	856	876	633	2	14	706	128	220	
138140	62	103	92	28	39	15	4	2	39900	285	863	843	214	3	13	684	128	215	
138102	60	110	80	32	35	14	5	2	39940	285	868	842	225	2	6	638	120	216	
138065	58	101	85	36	35	11	6	2	39977	285	872	792	572	1	9	582	104	228	
138031	48	105	77	34	38	9	5	1	40019	286	880	840	227	0	14	574	94	222	
138002	41	92	78	41	29	9	4	0	40062	287	888	821	561	2	13	589	90	204	
137976	29	100	66	36	28	10	4	0	40102	287	895	821	209	1	11	591	91	182	
137940	37	92	66	33	29	10	3	0	40134	288	901	826	208	0	12	606	94	176	
137910	38	84	71	32	36	8	3	0	40157	288	906	833	529	1	12	574	102	170	
137891	32	85	64	31	31	7	4	0	40190	288	910	810	201	0	12	571	98	156	
137874	30	82	57	29	28	6	3	0	40223	289	912	848	495	0	8	543	83	152	
137847	33	64	64	25	28	6	3	0	40256	289	918	828	196	0	8	485	73	150	
137829	29	65	56	28	28	7	3	0	40279	289	920	805	240	0	5	493	68	148	
137805	22	62	56	29	21	4	5	0	40309	289	931	816	511	4	7	461	63	136	
137773	28	65	49	25	22	4	5	0	40336	289	937	847	187	0	7	430	62	136	
137750	28	63	41	24	23	4	4	0	40366	290	940	859	215	0	5	397	52	135	
137725	29	64	39	18	24	5	4	0	40390	290	945	868	194	0	12	409	56	127	
137702	31	58	38	21	16	4	3	0	40418	291	951	859	236	1	7	380	51	120	
137684	29	62	36	26	13	4	3	0	40430	291	955	836	563	0	5	363	54	119	
137672	22	58	34	27	9	3	3	0	40454	291	960	825	530	1	3	326	42	114	
137657	21	43	42	22	18	2	4	0	40465	291	968	836	221	2	3	314	41	111	
137635	28	40	38	17	18	2	4	0	40486	291	974	823	201	0	8	312	45	102	
137620	26	41	36	18	17	3	3	0	40496	292	981	809	220	0	5	330	47	97	
137596	19	52	33	18	15	3	3	0	40513	292	989	815	218	0	3	316	42	101	
137575	24	55	31	15	13	3	3	0	40528	292	994	802	547	1	3	276	36	108	
137556	25	50	29	16	14	3	1	0	40545	294	1000	774	238	2	5	274	37	101	
137537	19	55	30	22	12	2	2	0	40555	294	1005	786	232	2	2	243	40	102	
137519	20	54	28	20	12	3	2	0	40572	294	1009	764	260	1	5	219	40	99	
137499	17	59	31	17	11	2	1	0	40588	295	1013	791	212	0	6	210	36	102	
137481	18	54	26	23	14	3	1	0	40603	295	1015	803	228	0	5	234	37	102	
137469	16	54	22	20	15	3	1	0	40620	295	1018	826	235	0	8	258	43	88	
137457	17	39	24	24	15	3	2	0	40637	295	1020	819	219	0	4	242	37	87	
137432	26	36	20	23	21	3	2	0	40648	295	1027	836	517	0	11	247	46	85	
137423	21	38	21	18	21	4	2	0	40660	295	1030	806	295	0	9	287	53	72	
