S	E	I1	I2	I3	I4	I5_h	I6_h	R_h	R	D1	D2	H	T	P1	P2	Q	QT	NQ	MUT	HOM	VAC	NI
178902	116	137	64	39	43	6	1	0	225	0	0	239	0	0	0	61	61	345	0	179533	0	0
178838	82	197	60	33	43	6	3	0	270	0	1	391	311	2	81	107	62	362	0	17600	0	63
178753	98	220	73	39	38	7	5	0	296	0	4	459	174	1	14	446	70	410	0	17851	0	77
178666	114	213	100	39	51	9	6	0	327	0	8	557	355	1	16	951	88	444	0	18723	0	82
178572	118	228	113	54	51	12	6	0	367	0	12	639	267	2	18	1059	105	477	0	18777	0	89
178471	134	236	118	56	55	18	5	1	423	0	16	664	262	2	26	2136	136	486	0	20383	0	97
178390	124	263	117	55	60	19	5	1	482	0	17	683	111	0	19	2226	155	488	0	42822	0	80
178291	136	266	123	68	63	21	4	2	537	0	22	744	253	2	21	2874	180	501	0	43388	0	93
178179	142	292	133	71	69	21	5	2	593	0	26	747	278	2	27	4733	223	510	0	21981	0	107
178051	161	310	140	75	79	22	7	2	652	0	34	817	364	4	22	5152	247	547	0	22938	0	118
177941	166	316	153	74	83	29	7	2	722	1	39	857	258	3	34	5269	264	564	0	23212	0	105
177822	175	336	166	84	74	28	10	1	791	1	45	842	153	3	28	5267	289	584	0	23371	0	113
177694	202	317	191	86	79	26	9	2	874	1	52	878	251	0	14	4799	270	640	0	24037	0	120
177609	176	315	215	87	84	28	9	1	951	1	57	878	271	3	28	4849	300	614	0	45121	0	78
177512	159	325	210	86	94	26	10	1	1050	1	59	886	270	2	39	5015	343	567	0	45585	0	95
177401	150	341	202	88	84	25	9	1	1162	3	67	881	255	1	31	4669	326	573	0	23812	0	103
177267	179	332	219	92	82	25	10	0	1250	4	73	881	114	2	26	4257	335	604	0	22767	0	128
177110	201	363	218	96	78	24	10	0	1348	5	80	862	137	1	26	3545	341	649	0	22421	0	150
176967	211	405	200	97	88	25	11	0	1439	6	84	867	281	2	22	2697	347	690	0	21724	0	139
176836	220	397	211	101	92	26	11	0	1544	6	89	881	116	1	33	5358	366	692	0	22455	0	126
176721	203	402	221	103	96	23	14	1	1649	6	94	899	277	1	32	5323	361	701	0	45489	0	110
176616	170	404	248	111	94	24	13	1	1746	7	99	896	289	1	32	6839	379	685	0	47076	0	100
176495	169	405	252	116	98	20	13	0	1853	8	104	899	260	1	38	7186	396	677	0	25053	0	116
176346	182	405	266	120	93	18	10	0	1969	11	113	886	242	3	26	7411	375	719	0	25817	0	139
176178	227	401	271	130	100	21	10	0	2067	11	117	913	242	3	33	6848	377	783	0	25510	0	165
176019	243	396	288	115	119	20	9	2	2189	11	122	872	272	3	38	7339	380	810	0	25068	0	154
175853	235	441	291	125	117	22	10	2	2302	11	124	886	278	4	38	8024	383	858	0	26478	0	163
175720	212	444	292	128	130	24	12	2	2430	13	126	883	247	3	43	7752	396	846	0	47944	0	130
175557	219	446	311	122	138	27	14	1	2553	13	132	859	338	3	35	7869	405	872	0	47563	0	157
175346	239	485	321	120	136	27	15	1	2691	13	139	859	174	0	41	5563	422	921	0	26188	0	204
175137	295	494	327	123	137	29	14	0	2819	15	143	841	262	3	41	6446	456	963	0	24958	0	204
174946	318	507	330	129	134	29	14	0	2960	16	150	842	275	3	38	7514	467	994	0	24813	0	182
174725	316	571	331	141	130	30	16	0	3096	17	160	858	111	3	37	6988	461	1074	0	25790	0	208
174489	324	606	338	137	139	35	16	1	3265	20	163	875	275	1	52	7178	473	1122	0	25978	0	232
174310	294	617	342	142	156	40	18	1	3424	20	169	864	307	3	57	7282	485	1124	0	47306	0	172
174098	288	618	368	158	172	42	17	2	3577	21	172	855	349	0	52	6740	502	1161	0	47006	0	209
173853	323	626	375	159	174	44	16	3	3759	23	178	869	296	1	56	7386	509	1208	0	25806	0	239
173606	328	654	393	165	187	44	17	3	3931	23	182	856	272	4	54	9095	535	1253	0	25784	0	243
173337	358	685	385	174	201	47	20	3	4113	23	187	876	288	10	59	9216	582	1288	0	27180	0	264
173029	418	721	380	180	215	48	22	3	4304	23	190	886	241	1	55	9215	599	1385	0	27274	0	303
172727	442	768	392	212	219	45	22	2	4483	25	196	848	323	8	74	7707	634	1466	0	28338	0	296
172470	421	804	424	212	220	50	22	4	4678	27	201	876	273	6	70	6838	684	1469	0	47122	0	249
172214	406	819	422	226	233	50	26	3	4896	27	211	879	265	6	63	7086	702	1480	0	46986	0	245
171879	429	865	467	221	245	45	24	3	5105	30	220	870	338	5	76	11322	772	1524	0	28970	0	327
171575	436	905	485	240	256	46	28	3	5307	30	222	852	244	3	73	11622	822	1574	0	29475	0	301
171268	434	924	525	255	253	52	27	3	5532	33	227	852	278	6	83	11103	848	1622	0	29927	0	302
170911	453	958	557	257	254	59	30	2	5786	34	232	872	251	4	64	11817	863	1705	0	29869	0	349
170532	516	930	597	277	257	65	33	4	6041	37	244	870	362	8	81	10403	867	1808	0	30517	0	366
170266	474	957	575	284	264	69	31	5	6322	39	247	847	347	4	85	10507	885	1769	0	49437	0	255
169983	430	987	585	288	256	76	30	7	6596	41	254	830	319	1	97	10639	906	1746	0	50048	0	275
169659	453	966	615	285	275	78	29	7	6860	43	263	873	326	7	90	10831	930	1771	0	48097	0	314
169327	484	968	600	283	281	79	30	6	7159	44	272	887	349	1	80	11048	935	1790	0	47657	0	318
168990	501	994	595	275	280	83	33	6	7453	45	278	892	322	8	82	9081	920	1841	0	47838	0	330
168661	498	998	591	284	295	81	32	8	7751	50	284	868	302	7	87	9187	946	1833	0	46916	0	322
168328	479	1029	615	280	303	84	32	9	8035	51	288	835	129	4	87	10717	964	1858	0	47503	0	326
168052	474	986	613	292	320	77	34	11	8325	52	297	820	282	4	90	10091	955	1841	0	78863	0	266
167765	482	957	616	288	325	86	34	12	8610	54	304	852	302	5	94	10213	973	1815	0	79597	0	280
167455	471	951	614	290	333	100	38	12	8906	55	308	886	349	9	91	10854	1006	1791	0	47328	0	306
167104	486	991	606	295	327	96	40	11	9205	55	317	883	281	6	98	11915	1034	1807	0	47607	0	340
166772	499	1000	599	303	332	87	42	9	9510	57	323	861	280	8	95	11423	1056	1806	0	48638	0	324
166471	477	986	660	296	334	85	40	11	9789	59	325	844	336	9	94	11646	1069	1809	0	47804	0	298
166150	500	964	646	323	335	97	47	11	10072	61	327	851	363	6	86	11665	1097	1815	0	48648	0	318
165898	464	969	637	321	303	93	51	11	10389	63	334	868	323	8	103	11742	1075	1763	0	79659	0	243
165659	417	944	645	322	312	95	49	10	10674	66	340	843	316	4	81	9860	1071	1713	0	80271	0	234
165412	391	898	639	329	305	96	50	11	10990	67	345	811	247	4	86	10025	1037	1671	0	47123	0	242
165143	377	892	635	304	308	101	51	13	11289	68	352	834	310	4	83	11660	1044	1624	0	47758	0	263
164818	402	936	609	293	292	113	54	10	11579	70	357	819	261	10	86	11277	1034	1665	0	48166	0	321
164512	449	881	599	301	306	111	50	9	11877	75	363	885	264	3	74	11953	977	1720	0	48416	0	300
164231	474	834	579	307	304	103	48	11	12189	80	373	840	290	8	101	11793	961	1688	0	48669	0	272
163994	425	848	573	299	286	114	50	10	12473	84	377	838	301	3	95	11681	949	1646	0	80106	0	231
163764	375	828	578	292	293	111	47	11	12759	88	387	874	293	7	85	11109	950	1574	0	80083	0	216
163486	361	852	572	291	277	110	47	10	13040	94	393	857	273	2	71	11367	919	1591	0	48388	0	272
163200	401	860	547	286	252	105	53	10	13326	95	398	863	265	6	76	11763	889	1615	0	48348	0	281
162958	413	843	556	284	246	107	53	10	13567	97	399	809	282	8	73	11932	904	1598	0	48775	0	238
162717	389	830	550	278	278	100	53	8	13827	100	403	831	264	2	72	10711	883	1595	0	48985	0	237
162438	408	829	526	274	275	99	53	6	14113	105	407	854	300	2	96	9042	892	1572	0	47644	0	273
162225	388	812	531	268	271	87	53	6	14375	108	409	880	323	6	81	8686	892	1518	0	78263	0	208
162025	340	806	543	256	276	92	50	7	14610	112	416	874	268	5	69	9929	897	1466	0	79361	0	194
161757	349	804	539	269	278	95	50	8	14847	114	423	855	315	3	60	9367	885	1499	0	47115	0	261
161516	358	769	548	250	276	90	48	9	15122	118	429	827	289	3	86	9519	873	1466	0	46091	0	235
161285	341	791	518	255	270	89	52	10	15372	118	432	828	281	6	61	8957	840	1476	0	46547	0	225
161041	353	785	515	241	266	90	52	9	15617	124	440	813	262	3	70	8935	831	1471	0	45527	0	237
160781	370	768	501	244	281	82	45	9	15877	130	445	805	250	5	67	7773	827	1464	0	45535	0	256
160572	338	759	493	231	256	83	47	11	16157	132	454	761	375	10	75	7087	810	1397	0	76950	0	202
160386	305	751	498	222	243	85	45	14	16390	136	458	810	157	3	69	9158	847	1302	0	78284	0	182
160185	284	722	486	228	250	89	47	14	16626	137	465	856	116	4	58	10617	807	1299	0	47421	0	193
159952	307	682	494	234	247	90	49	14	16854	138	472	824	284	9	70	8706	781	1322	0	47298	0	229
159728	321	666	483	223	256	83	45	11	17100	142	475	825	282	5	51	9598	744	1333	0	45698	0	220
159517	325	658	493	211	253	85	43	12	17315	143	478	825	337	7	74	9853	764	1304	0	47141	0	206
159308	313	683	474	207	248	84	43	11	17536	145	481	851	243	4	61	10097	757	1295	0	46743	0	205
159126	287	682	451	210	241	79	39	13	17774	149	482	834	274	7	72	10134	762	1227	0	78828	0	179
158956	294	628	459	197	235	79	37	14	17997	152	485	830	280	2	59	10623	738	1191	0	79234	0	168
158767	276	622	446	218	223	77	36	15	18206	156	491	847	271	6	51	10574	722	1176	0	47502	0	184
158589	275	606	436	190	219	79	40	14	18430	158	497	827	308	3	71	8404	706	1139	0	79355	0	174
158441	260	574	430	196	218	80	41	12	18621	161	499	825	249	2	64	7299	700	1099	0	77808	0	146
158291	243	558	419	191	206	79	42	10	18825	164	505	844	126	3	60	7609	706	1032	0	78161	0	147
158184	218	512	396	193	198	79	41	11	19028	166	507	824	290	4	51	7997	699	938	0	77580	0	105
158081	186	498	352	174	183	76	42	14	19249	167	511	860	259	1	44	6385	634	877	0	77139	0	99
157967	165	460	358	173	173	72	41	15	19425	169	515	863	290	2	46	6666	617	825	0	76752	0	109
157842	171	425	345	165	167	68	38	14	19606	172	520	858	149	0	44	8291	592	787	0	44334	0	121
157723	176	401	331	151	160	63	39	13	19777	175	524	812	261	5	44	7752	570	751	0	45102	0	114
157626	174	363	313	152	153	59	36	15	19935	177	530	796	258	5	43	7643	544	706	0	77685	360	94
157552	147	342	297	132	147	63	36	14	20091	177	535	835	126	4	37	7673	511	653	0	68467	360	69
157488	124	310	291	136	134	61	34	13	20222	180	540	817	292	2	40	8914	498	592	0	69873	360	61
157395	135	288	248	125	126	56	35	13	20383	181	548	841	275	1	34	7441	456	557	0	69520	360	87
157332	129	256	224	117	122	53	34	14	20517	183	552	841	284	1	34	7040	414	521	0	69087	360	59
157251	124	264	196	102	111	51	34	17	20641	184	558	852	266	0	47	7051	404	478	0	40323	360	76
157179	112	262	188	100	108	45	28	21	20743	185	562	848	283	3	23	6495	374	469	0	40176	360	67
157098	111	250	185	98	87	42	27	18	20862	187	568	847	169	1	23	6394	340	460	0	39692	360	75
157016	110	248	177	91	85	36	30	17	20965	187	571	839	252	1	21	5413	291	486	0	39559	360	79
156954	106	221	177	93	94	41	27	15	21043	190	572	859	174	2	29	5834	294	465	0	38556	360	62
156869	112	235	147	84	96	39	26	15	21142	191	577	864	119	1	30	6412	272	467	2	67903	360	66
156775	131	226	158	80	97	45	19	15	21209	196	582	852	308	2	24	4794	259	497	5	67792	360	70
156672	150	241	144	74	90	43	20	15	21300	196	588	842	113	2	22	4621	241	521	7	37931	360	86
156583	144	255	149	79	89	42	18	13	21372	198	591	874	349	2	27	4235	237	539	10	37742	360	72
156492	144	264	160	68	81	42	20	10	21457	198	597	843	265	1	33	4151	238	541	13	37564	360	69
156373	154	282	162	73	83	37	17	9	21539	200	604	833	285	1	23	4979	240	568	17	37833	360	93
156269	148	293	173	80	82	36	11	11	21619	203	608	821	265	3	26	4915	241	582	19	38433	360	99
156175	151	290	162	90	76	31	12	12	21717	203	614	826	264	0	32	4861	254	558	21	66923	360	86
156107	127	291	166	92	77	30	13	11	21799	204	616	845	95	2	22	4057	274	522	22	67077	360	65
155995	126	308	178	87	83	33	14	9	21872	204	624	846	281	6	33	4414	286	543	25	38084	360	104
155899	138	282	186	91	89	35	13	9	21958	204	629	852	284	3	29	5975	290	544	26	38251	360	92
155804	132	279	185	92	94	34	13	8	22052	205	635	848	304	6	32	6412	301	528	27	39086	360	88
155704	144	283	182	91	89	32	14	7	22140	206	641	855	320	4	28	7028	303	532	29	39923	360	97
155613	135	289	176	96	86	30	14	9	22234	207	644	865	104	0	18	7029	285	541	31	40162	360	87
155519	135	303	177	85	75	31	14	10	22329	207	648	882	129	0	27	6969	273	547	31	68487	360	90
155428	143	293	181	96	76	33	13	9	22399	209	653	846	243	1	27	6118	294	541	32	68578	360	88
155325	144	294	188	95	84	35	13	6	22481	209	659	867	268	3	27	6147	318	535	33	39046	360	97
155222	161	292	170	106	83	35	15	5	22571	209	664	838	133	2	25	5620	315	547	37	39584	360	98
155115	166	300	164	100	96	33	18	4	22658	211	668	824	252	3	32	6041	347	530	39	38989	360	103
154988	182	310	174	101	85	34	20	3	22747	211	678	866	234	1	30	4648	343	563	40	39050	360	117
154857	186	335	194	98	84	35	17	3	22825	214	685	900	125	1	26	3710	355	594	42	37602	360	126
154759	164	349	196	81	85	34	20	2	22932	215	696	920	287	1	28	3434	334	595	44	66597	360	86
154676	147	329	203	91	101	34	19	2	23014	215	702	893	295	0	25	3401	347	577	46	66314	360	77
154556	151	331	204	96	111	34	21	1	23105	216	707	896	329	2	31	3476	356	592	47	36733	360	113
154442	141	352	209	96	127	34	20	1	23179	219	713	905	132	3	25	3881	359	620	49	37143	360	108
154300	163	356	223	102	118	32	19	2	23278	222	718	903	255	5	41	5286	355	658	50	37373	360	137
154166	178	356	234	110	117	31	18	1	23376	223	723	909	251	2	27	6529	357	687	52	38869	360	130
154024	199	365	234	120	108	35	17	1	23480	224	726	891	116	4	25	6678	346	732	54	39633	360	138
153896	207	371	229	108	103	36	15	1	23607	227	733	886	326	1	36	5763	345	724	54	67928	360	121
153775	196	387	213	123	90	38	15	1	23731	228	736	903	265	2	38	5927	349	713	55	67638	360	118
153645	188	403	231	113	84	41	12	2	23843	231	740	887	348	0	28	6457	356	716	56	40150	360	125
153475	209	416	224	118	97	39	12	2	23963	233	745	868	270	1	33	6300	351	764	58	39817	360	164
153324	226	421	229	117	111	34	11	2	24076	233	749	859	286	2	36	6681	361	788	60	39904	360	147
153136	229	474	255	113	111	35	13	2	24177	234	754	868	266	3	45	6852	400	830	61	40139	360	181
152959	248	488	253	113	124	35	11	2	24307	235	758	881	260	0	35	6484	408	864	63	39544	360	174
152813	251	473	267	127	134	36	13	2	24415	236	766	862	254	3	42	5004	409	892	65	67774	360	138
152666	239	499	255	140	136	34	13	2	24541	238	770	849	269	1	43	4285	408	908	66	67814	360	143
152451	262	538	259	145	136	35	16	2	24678	238	773	850	298	4	51	6663	457	934	70	38092	360	211
152244	301	527	278	155	140	35	21	1	24813	239	779	834	311	3	42	6887	472	985	72	40210	360	203
152023	326	564	295	158	147	40	26	1	24931	240	782	834	310	5	47	5998	499	1057	75	39955	360	219
151819	313	618	296	169	146	38	27	1	25076	242	788	852	279	6	48	7050	537	1070	75	39471	360	198
151577	341	642	324	174	158	34	33	1	25214	242	793	874	106	1	40	7235	588	1118	77	40878	360	236
151380	315	656	358	196	171	35	31	5	25346	243	797	864	282	5	51	7218	606	1156	78	68383	360	193
151188	312	657	375	188	183	36	30	3	25511	245	805	886	291	5	53	7346	617	1164	80	68627	360	183
150927	335	687	390	181	197	40	29	3	25684	249	811	896	281	2	46	8116	631	1228	81	40871	360	254
150646	400	705	386	179	202	42	32	2	25875	249	815	891	276	6	67	7797	674	1272	83	41243	360	277
150395	404	734	393	187	210	46	34	3	26058	249	820	841	267	3	48	7318	661	1347	84	41116	360	247
150087	420	808	406	209	181	54	39	2	26255	249	823	854	275	5	56	5508	657	1460	85	40265	360	304
149761	458	860	433	204	197	55	37	3	26446	252	827	861	191	4	48	6612	684	1560	86	39600	360	321
149502	446	882	462	223	197	61	39	4	26631	254	832	872	322	2	73	6620	714	1596	87	68050	360	254
149248	421	888	478	242	216	58	42	4	26843	255	838	863	282	5	80	5318	735	1610	87	68611	360	248
148895	445	916	524	261	239	59	44	5	27042	256	847	850	300	3	65	7512	782	1706	88	39955	360	345
148507	502	957	534	268	270	64	40	8	27274	258	851	841	278	3	87	8058	846	1789	89	40910	360	383
148125	531	1022	540	273	270	69	37	10	27539	261	856	832	284	7	94	9236	911	1831	89	41577	360	376
147734	565	1072	564	285	274	64	37	11	27802	264	861	844	281	1	82	10987	945	1916	90	42563	360	386
147302	612	1110	623	308	288	70	34	13	28038	266	869	859	295	1	92	11614	1005	2040	90	44250	360	425
146963	575	1154	637	318	293	71	37	11	28332	268	874	868	342	5	80	11785	1009	2076	91	79351	360	333
146643	541	1175	671	330	287	73	36	10	28619	272	876	849	267	2	101	11090	1055	2058	91	79776	360	316
146233	562	1195	703	337	286	77	35	9	28936	276	884	856	281	7	87	12059	1080	2115	92	48088	360	402
145780	641	1187	716	341	309	86	35	9	29262	279	888	892	292	4	102	12175	1114	2201	92	48692	360	445
145372	672	1199	710	356	330	86	35	10	29588	281	894	860	299	9	113	11311	1151	2237	92	48519	360	399
144932	662	1269	729	333	363	88	40	8	29930	281	898	869	325	3	96	10992	1161	2323	93	48048	360	437
144478	669	1305	775	349	371	96	47	8	30250	281	904	863	334	8	115	10267	1201	2411	93	47630	360	449
144100	626	1332	803	360	378	97	46	9	30588	286	908	892	329	5	113	9258	1220	2422	94	78245	360	372
143739	579	1324	852	376	387	101	47	8	30920	289	911	882	262	3	103	7723	1238	2428	94	78571	360	358
143239	631	1386	843	356	387	106	43	7	31320	294	921	868	290	7	113	9545	1283	2469	94	45250	360	491
142743	708	1352	905	368	393	105	47	8	31685	295	924	903	344	6	107	9993	1301	2577	95	46504	360	492
142264	740	1359	882	393	408	109	52	9	32091	298	928	889	322	7	127	12277	1336	2607	95	47717	360	474
141769	747	1437	890	376	407	117	56	7	32492	302	933	859	108	4	109	12134	1357	2673	96	49201	360	486
141281	748	1446	947	390	416	126	61	7	32870	305	936	860	355	5	125	13729	1407	2727	96	49065	360	485
140838	728	1474	960	408	404	131	60	7	33274	309	940	887	290	3	104	14134	1425	2740	96	80932	360	438
140424	685	1473	944	404	441	130	58	10	33707	312	945	874	346	4	126	14364	1426	2709	96	73616	360	410
139875	754	1516	937	394	434	132	58	11	34154	318	950	838	307	5	119	15340	1446	2779	96	48018	360	546
139374	787	1522	942	413	437	133	58	14	34577	323	953	853	276	8	136	15291	1453	2839	97	48038	360	496
138823	831	1537	963	434	471	135	67	13	34979	323	957	857	303	10	136	14904	1519	2919	97	47693	360	543
138284	853	1568	970	450	482	130	69	13	35426	328	960	876	257	4	146	13674	1516	3006	97	47855	360	533
137719	850	1645	1009	470	488	127	70	17	35840	334	964	831	278	3	125	14068	1546	3113	97	46393	360	559
137274	807	1646	1006	458	509	132	72	17	36309	337	966	861	292	9	151	11943	1556	3074	97	72831	360	441
136807	792	1622	1029	477	505	137	72	18	36761	342	971	837	333	2	150	11899	1596	3038	97	71884	360	458
136237	826	1678	1003	501	495	147	73	16	37239	347	971	810	314	6	149	11329	1618	3105	97	45225	360	565
135590	920	1736	1013	505	469	147	70	17	37740	352	974	847	349	6	151	12510	1655	3205	97	44429	360	645
134948	956	1808	1082	509	492	149	68	15	38169	357	980	822	326	7	142	14217	1730	3334	97	45360	360	634
134320	962	1847	1149	517	491	152	70	18	38663	360	984	840	370	13	168	14674	1809	3379	98	46523	360	623
133672	991	1886	1158	513	519	160	67	19	39190	371	987	855	284	6	136	15241	1795	3499	98	47368	360	642
133190	895	1867	1178	531	524	159	72	17	39732	376	992	854	381	11	169	15024	1789	3437	98	73452	360	478
132686	817	1821	1223	547	533	163	73	19	40277	378	996	836	319	10	160	15612	1811	3366	98	73828	360	499
132057	892	1837	1190	560	508	159	71	16	40856	386	1001	872	250	12	167	16325	1827	3390	98	49263	360	627
131423	939	1852	1208	559	537	168	70	13	41366	393	1005	902	275	7	155	16874	1879	3454	98	48951	360	630
130845	921	1873	1214	571	551	164	69	14	41902	399	1010	855	349	15	186	16865	1879	3484	98	49186	360	570
130193	935	1938	1210	538	565	163	73	16	42489	400	1013	879	324	6	181	16956	1915	3507	98	49015	360	645
129575	925	1954	1216	548	573	169	73	15	43061	408	1016	859	290	5	172	16256	1916	3542	98	49255	360	610
129054	868	1897	1264	568	576	182	70	20	43594	414	1026	831	271	7	160	14644	1877	3548	98	74470	360	517
128581	812	1839	1256	588	564	173	76	15	44180	419	1030	851	362	4	184	14553	1854	3454	98	74188	360	467
127978	833	1851	1244	558	565	182	74	14	44771	428	1035	824	296	10	186	16309	1928	3379	98	48805	360	594
127379	909	1810	1252	572	559	179	77	16	45303	433	1044	834	288	9	166	16798	1932	3426	98	49163	360	591
126800	902	1827	1237	595	566	180	79	12	45852	436	1047	864	312	8	167	16489	1953	3433	98	49825	360	576
126228	888	1854	1210	587	560	179	79	11	46439	442	1056	843	274	6	159	17056	1934	3423	98	49161	360	559
125592	893	1923	1187	571	566	177	77	11	47030	447	1059	822	269	12	161	16497	1937	3457	98	49493	360	632
125068	880	1878	1191	575	570	169	76	12	47597	454	1063	792	259	6	149	16516	1902	3437	99	74726	360	522
124613	794	1854	1173	580	566	162	78	12	48172	461	1068	778	301	8	174	15741	1853	3354	99	74645	360	451
124006	807	1860	1219	563	563	162	78	11	48721	467	1076	763	278	5	161	15782	1850	3402	99	48318	360	597
123461	864	1776	1216	561	541	160	79	11	49313	472	1079	827	276	8	170	15541	1811	3386	99	48407	360	541
122877	840	1830	1233	529	547	158	81	11	49866	478	1083	793	354	7	173	14851	1825	3393	99	48578	360	581
122296	870	1821	1249	516	517	159	70	14	50445	491	1085	839	323	8	157	15001	1784	3418	99	48585	360	575
121757	865	1767	1225	548	548	147	68	16	51012	493	1087	840	371	5	142	14808	1776	3392	99	47919	360	536
121351	761	1737	1185	531	539	147	67	14	51612	499	1090	878	329	7	179	14312	1745	3222	99	73131	360	402
120961	682	1681	1171	529	505	146	67	13	52184	503	1091	882	374	11	154	15401	1720	3061	99	74458	360	387
120467	710	1610	1205	526	499	151	64	11	52688	508	1094	864	315	5	139	16032	1752	3013	99	48585	360	489
119960	742	1595	1165	538	496	146	61	11	53203	513	1103	853	352	9	159	16880	1789	2954	99	48772	360	499
119489	726	1565	1184	514	503	143	64	12	53710	515	1108	880	357	5	140	16727	1754	2945	99	49587	360	463
118984	769	1529	1163	504	509	138	59	14	54224	524	1116	896	280	13	163	16775	1772	2899	99	49633	360	498
118533	747	1524	1130	506	494	129	61	16	54745	525	1123	868	273	3	134	16935	1686	2905	99	49487	360	448
118188	668	1450	1106	511	471	127	68	17	55270	529	1128	883	255	11	139	16403	1646	2755	99	74516	360	339
117830	605	1395	1084	523	466	132	64	16	55751	534	1133	874	274	7	140	15574	1579	2690	99	74393	360	351
117439	586	1386	1057	508	443	128	69	15	56226	536	1140	884	291	2	140	16875	1594	2583	99	48902	360	387
117054	597	1329	1040	474	426	121	70	19	56716	539	1148	868	332	8	126	14730	1501	2556	99	49395	360	373
116678	587	1275	1000	464	407	121	73	17	57215	542	1154	845	260	4	122	15751	1460	2467	99	47475	360	370
116325	558	1241	982	441	390	125	67	19	57678	550	1157	845	344	2	137	15061	1401	2403	99	48513	360	351
115949	546	1253	944	434	389	115	70	17	58100	554	1162	821	299	3	94	13817	1309	2442	99	47623	360	373
115685	517	1133	930	417	388	112	71	14	58539	561	1166	806	330	4	111	13017	1239	2329	99	72127	360	258
115421	454	1099	871	399	400	105	67	12	58968	567	1170	811	264	3	141	13216	1217	2178	99	73146	360	260
115100	428	1119	824	369	385	101	66	13	59384	571	1173	813	289	7	118	14604	1240	2052	99	47036	360	318
114789	454	1047	800	359	393	104	61	13	59757	576	1180	840	376	5	97	15054	1207	2011	99	47325	360	306
114490	457	1029	778	333	371	96	65	13	60131	582	1188	855	283	2	96	14079	1129	2000	99	47404	360	294
114191	462	1000	757	323	337	90	66	12	60517	585	1193	872	289	4	85	12989	1024	2011	99	46440	360	297
113894	465	986	733	323	326	93	64	12	60850	589	1198	841	316	2	101	12836	1056	1934	99	45686	360	293
113666	417	963	729	304	317	95	65	13	61170	592	1202	872	262	3	85	10885	967	1923	99	71810	360	224
113468	368	925	708	297	309	85	65	12	61497	593	1206	898	277	3	78	10569	912	1845	99	71158	360	192
113224	359	885	680	288	305	85	53	17	61823	604	1210	887	313	4	92	11596	911	1744	99	43872	360	239
113005	360	825	656	286	288	85	50	19	62142	606	1211	878	244	8	83	10393	873	1677	99	44352	360	216
112790	340	800	634	285	273	79	43	18	62444	612	1215	874	293	5	77	9372	834	1620	99	43565	360	211
112569	335	769	598	265	271	81	45	16	62749	615	1220	835	333	5	78	10008	787	1577	99	42984	360	216
112368	331	734	581	242	259	78	39	15	63038	623	1225	859	339	5	80	9098	784	1480	99	43130	360	196
112206	293	716	554	233	251	72	39	16	63298	626	1229	865	338	3	70	9425	787	1371	99	69545	360	160
112080	255	646	530	230	251	70	35	17	63556	630	1233	828	265	1	68	10953	755	1262	99	70830	360	124
111909	245	618	500	208	238	69	39	16	63826	632	1233	816	338	3	56	11077	704	1213	99	44202	360	170
111758	243	568	514	202	225	73	39	13	64024	636	1238	854	319	2	75	11213	704	1160	99	44523	360	147
111602	241	544	494	185	204	71	40	14	64255	638	1245	898	270	3	64	10626	664	1115	99	44025	360	152
111461	217	529	473	182	191	69	40	12	64475	639	1245	870	272	3	52	10645	638	1063	99	43844	360	140
111343	206	463	454	177	178	59	37	11	64711	641	1253	853	248	1	47	9728	568	1006	99	43415	360	110
111237	197	441	412	163	171	52	35	9	64911	644	1261	859	262	1	48	9481	550	921	99	69740	360	100
111160	162	423	398	150	154	50	32	10	65081	646	1267	852	293	4	30	9574	500	869	99	70889	360	76
111048	157	386	386	154	152	46	32	7	65245	648	1272	863	241	2	37	9251	476	837	99	42481	360	108
110961	157	343	353	151	149	41	30	9	65408	650	1281	851	247	1	40	7668	451	773	99	42256	360	82
110878	140	320	334	133	126	36	29	9	65584	652	1292	829	118	4	39	7610	415	703	99	40518	360	76
110797	138	289	321	116	130	36	25	10	65719	655	1297	799	265	1	41	7645	402	653	99	40507	360	77
110716	120	287	276	98	123	38	28	9	65878	655	1305	810	259	2	30	7191	368	602	99	40426	360	78
110659	103	246	267	91	110	37	25	11	66014	657	1313	824	268	4	32	6971	334	545	99	68017	360	51
110605	91	237	246	89	95	35	23	12	66122	660	1318	828	278	0	26	6146	295	521	99	68203	360	51
110542	87	226	226	77	91	35	23	9	66233	662	1322	850	118	1	29	6066	280	485	99	39636	360	61
110488	82	220	212	70	75	35	21	10	66329	665	1326	824	109	1	23	5210	248	467	99	39627	360	53
110443	71	198	202	69	77	33	21	10	66413	666	1330	825	298	1	17	5682	238	433	99	38562	360	41
110385	69	186	201	69	74	33	16	10	66487	671	1332	835	122	1	25	5168	235	413	100	38803	360	56
110317	77	163	191	68	66	29	16	11	66583	671	1341	811	248	0	16	5805	218	392	100	38415	360	60
110275	77	151	177	61	64	24	14	10	66661	673	1346	791	284	0	21	5232	196	372	100	66797	360	36
110236	68	146	155	55	63	23	12	8	66739	674	1354	812	239	0	21	5034	192	330	100	67405	360	32
110208	52	136	155	46	52	21	10	6	66809	677	1361	792	122	1	16	5008	178	294	100	38373	360	24
110181	48	122	143	39	47	19	12	6	66874	677	1365	813	123	1	5	4873	149	281	100	38063	360	26
110137	55	125	113	40	41	18	12	4	66940	678	1370	798	108	1	12	4384	133	271	100	38058	360	39
110106	57	112	120	39	36	16	11	3	66983	679	1371	792	101	0	12	4133	124	267	100	37444	360	30
110071	55	115	105	34	30	15	12	3	67041	679	1373	822	254	1	11	4483	106	260	100	37269	360	34
110044	54	111	98	35	33	13	11	3	67075	680	1376	838	106	0	13	4153	110	245	100	66270	360	26
110011	51	113	86	32	27	13	12	3	67122	680	1383	840	108	0	7	4506	103	231	100	66651	360	28
109989	41	111	79	27	30	13	12	3	67162	681	1385	855	109	0	9	3510	96	217	100	37484	360	21
109965	36	91	104	24	26	10	11	2	67193	682	1389	847	274	0	10	3004	92	210	100	36806	360	22
109932	35	91	98	21	27	8	10	4	67231	682	1394	884	107	0	6	3406	81	209	100	36029	360	28
109909	31	85	94	23	28	8	10	4	67253	683	1405	876	157	1	9	3385	78	201	100	36678	360	19
109880	28	80	85	25	29	7	8	5	67289	685	1412	857	131	1	10	3457	81	181	100	36585	360	23
109867	25	60	90	25	28	6	9	4	67321	685	1413	864	172	0	8	3417	77	166	100	65576	360	13
109847	30	54	81	24	26	5	8	2	67352	686	1418	856	280	0	8	3915	81	147	100	66172	360	17
109821	30	51	79	23	21	5	8	2	67381	687	1425	840	126	0	4	2781	73	144	100	37378	360	21
109806	20	54	70	24	19	5	7	2	67406	688	1432	845	168	0	6	2243	63	136	100	35802	360	10
109775	25	55	66	21	19	5	7	2	67430	688	1440	850	104	1	7	2696	69	129	100	35487	360	24
109758	27	51	61	21	15	5	6	2	67454	689	1444	868	97	0	2	3110	58	128	100	35817	360	16
109737	22	52	51	21	14	5	4	3	67482	690	1452	889	81	0	4	3644	54	115	100	37172	360	13
109718	24	46	46	18	14	4	3	3	67508	690	1459	896	106	0	5	3191	53	102	100	65976	360	15
109706	19	52	39	14	14	4	3	2	67529	690	1461	885	101	0	4	3078	52	93	100	65157	360	10
109691	15	50	41	17	13	4	3	2	67541	690	1466	916	111	0	3	3073	53	90	100	36001	360	12
109679	12	54	36	13	13	4	3	2	67555	690	1472	879	97	0	3	2519	54	81	100	36459	360	11
109657	16	50	35	12	9	4	3	1	67575	690	1481	877	126	0	2	2029	39	90	100	35633	360	15
109647	18	33	39	16	11	4	2	1	67589	690	1483	865	319	0	2	1944	33	90	100	35023	360	8
109632	18	35	33	10	13	5	2	1	67608	690	1486	866	111	0	8	2807	31	85	100	35095	360	12
109626	15	31	33	9	14	5	1	1	67615	691	1492	849	277	0	6	2432	34	74	100	65152	360	2
109614	15	37	29	5	12	5	1	0	67629	691	1495	858	120	0	0	1748	31	73	100	65339	360	9
109604	10	38	29	3	12	3	1	0	67641	691	1501	831	121	0	2	1714	25	71	100	34792	360	8
109589	9	35	32	6	10	4	1	0	67651	691	1505	847	103	0	3	1674	22	75	100	34741	360	11
109575	6	39	33	4	8	4	1	0	67660	691	1512	893	101	0	3	1654	22	73	100	34802	360	7
109557	8	37	31	5	6	4	0	0	67673	692	1520	879	106	0	1	1680	24	67	100	34931	360	12
109542	14	35	29	7	8	3	0	0	67675	692	1528	852	119	0	0	1668	24	72	100	34795	360	14
109530	20	28	28	9	6	2	0	0	67686	692	1532	832	113	0	1	1648	21	72	100	64398	360	9
109525	14	24	29	11	4	2	1	0	67697	692	1534	818	106	0	5	1661	28	57	100	64742	360	3
109512	12	24	30	11	3	2	1	0	67706	692	1540	834	104	0	1	704	25	58	100	34628	360	8
109503	13	25	28	8	2	4	1	0	67714	692	1543	863	106	0	4	583	27	54	100	33677	360	7
109498	10	17	28	5	5	4	1	0	67724	692	1549	844	101	0	1	688	20	50	100	33739	360	2
109488	9	18	26	7	7	4	1	0	67724	692	1557	827	119	0	3	697	25	47	100	33695	360	6
109480	8	20	22	5	5	4	1	0	67736	692	1560	841	126	0	1	688	21	44	100	34055	360	6
109473	9	15	18	5	4	5	0	0	67747	693	1564	849	134	0	2	616	17	39	100	63472	360	4
109466	6	18	17	6	4	5	0	0	67747	693	1571	857	121	0	2	1092	20	36	100	63885	360	4
109456	6	15	19	6	4	5	0	0	67750	693	1579	878	93	0	0	1098	19	36	100	34267	360	4
109449	6	18	16	6	4	5	0	0	67754	693	1582	864	117	0	0	1075	14	41	100	34223	360	5
109442	4	17	14	3	5	4	0	0	67761	693	1590	852	134	0	1	1024	9	38	100	34304	360	1
109435	4	16	13	3	4	4	0	0	67766	693	1595	856	97	0	4	1530	15	29	100	34379	360	3
109434	3	10	13	5	5	4	0	0	67770	693	1596	830	115	0	0	1109	12	28	100	34652	360	1
109429	4	6	12	4	4	4	1	0	67776	693	1600	828	109	0	1	1108	9	26	100	63998	360	2
109423	6	5	10	4	3	3	1	0	67782	693	1603	841	104	0	1	1121	7	25	100	64031	360	3
109418	6	6	10	3	3	3	1	0	67783	693	1607	884	92	0	1	1123	8	24	100	33944	360	3
109413	3	8	8	3	3	3	1	0	67785	693	1613	870	122	0	0	644	8	21	100	34265	360	2
109409	2	10	7	1	2	4	1	0	67784	693	1620	846	97	0	1	638	7	20	100	33454	360	1
109403	3	7	7	1	3	2	1	0	67786	693	1627	840	143	0	1	642	6	18	100	33790	360	2
109402	2	7	7	0	2	2	1	0	67788	693	1629	866	110	0	1	645	7	14	100	33915	360	0
109399	1	5	8	0	1	2	1	0	67788	693	1635	855	120	0	0	644	6	12	100	63637	360	0
109396	1	3	8	1	2	2	1	0	67786	693	1640	817	121	0	0	54	6	12	100	63990	360	0
109392	2	4	6	1	2	2	1	0	67788	693	1642	816	110	0	0	54	5	13	100	33310	360	3
109388	2	2	5	3	1	2	1	0	67788	693	1648	820	130	0	1	215	5	11	100	32940	360	0
109382	2	3	5	3	2	2	1	0	67785	693	1655	811	122	0	1	500	6	12	100	33500	360	2
109376	2	3	5	3	2	1	1	0	67784	693	1663	862	112	0	1	502	6	11	100	33493	360	1
109370	4	3	5	1	1	0	0	0	67787	694	1668	859	104	0	1	509	4	10	100	33743	360	3
109369	3	4	5	1	1	0	0	0	67787	694	1669	874	112	0	0	505	4	10	100	63740	360	0
109368	2	4	3	1	2	0	0	0	67787	694	1672	871	102	0	0	498	3	9	100	63727	360	0
109361	0	6	3	1	2	0	0	0	67788	694	1678	878	106	0	1	505	4	8	100	34016	360	1
109354	1	5	2	2	2	0	0	0	67788	694	1685	892	127	0	0	505	3	9	100	33620	360	1
109353	1	4	3	1	1	1	0	0	67787	694	1688	899	121	0	0	507	2	9	100	33539	360	0
109348	2	4	3	1	1	1	0	0	67785	694	1694	894	108	0	2	889	9	3	100	33510	360	1
109345	3	3	3	1	0	1	0	0	67783	694	1700	843	90	0	0	503	8	3	100	34240	360	1
109340	4	3	2	1	0	1	0	0	67783	694	1705	861	115	0	0	500	6	5	100	63682	360	1
109338	3	3	2	1	0	1	0	0	67784	694	1707	860	109	0	0	492	6	4	100	63680	360	0
109334	0	5	3	1	0	1	0	0	67782	694	1713	850	99	0	0	489	7	3	100	33545	360	1
109333	1	4	4	1	0	1	0	0	67778	694	1717	823	113	0	0	490	7	4	100	33760	360	1
109329	1	2	4	2	0	1	0	0	67779	694	1721	851	125	0	0	491	6	4	100	33575	360	0
109326	1	1	3	2	1	1	0	0	67780	694	1724	835	108	0	0	480	5	4	100	33733	360	0
109324	0	2	3	0	1	1	0	0	67780	694	1728	841	118	0	1	483	5	2	100	33434	360	0
109319	0	2	1	0	1	1	0	0	67782	694	1733	830	102	0	0	485	3	2	100	63564	360	0
109311	0	2	1	0	2	1	0	0	67782	694	1740	829	109	0	0	4	2	4	100	63653	360	1
109306	0	2	0	0	1	1	0	0	67781	694	1748	846	107	0	0	4	0	4	100	33215	360	0
109305	0	2	0	0	1	1	0	0	67777	694	1753	865	125	0	1	8	1	3	100	33105	360	0
109298	1	1	1	0	1	1	0	0	67776	694	1760	854	97	0	0	8	1	4	100	32869	360	1
109296	1	0	1	0	2	1	0	0	67773	694	1765	868	117	0	0	8	1	4	100	33345	360	0
109292	0	1	1	0	1	1	0	0	67774	694	1769	865	262	0	1	9	1	3	100	33046	360	0
109284	0	1	0	0	1	1	0	0	67774	694	1778	840	108	0	0	9	1	2	100	63366	360	0
109281	0	0	0	1	1	1	0	0	67773	694	1782	804	117	0	0	9	1	2	100	63434	360	0
109276	0	0	0	1	1	0	0	0	67772	694	1789	814	100	0	0	4	1	1	100	33149	360	0
109272	0	0	0	1	1	0	0	0	67770	694	1795	795	104	0	0	4	1	1	100	33160	360	0
109269	0	0	0	0	1	0	0	0	67768	694	1801	813	94	0	0	4	1	0	100	32783	360	0
109266	0	0	0	0	1	0	0	0	67767	694	1805	791	120	0	0	4	1	0	100	33330	360	0
109265	0	0	0	0	1	0	0	0	67766	694	1807	845	108	0	0	1	1	0	100	32977	360	0
109262	0	0	0	0	1	0	0	0	67764	694	1812	845	90	0	0	1	1	0	100	63327	360	0
109262	0	0	0	0	1	0	0	0	67762	694	1814	865	116	0	0	1	1	0	100	63188	360	0
109254	0	0	0	0	1	0	0	0	67761	694	1823	863	107	0	0	0	0	1	100	33087	360	0
109253	0	0	0	0	0	0	0	0	67758	694	1828	888	117	0	0	1	0	0	0	32944	360	0
109248	0	0	0	0	0	0	0	0	67756	694	1835	911	95	0	0	1	0	0	0	33239	360	0
109248	0	0	0	0	0	0	0	0	67755	694	1836	890	135	0	0	1	0	0	0	33363	360	0
109245	0	0	0	0	0	0	0	0	67755	694	1839	921	104	0	0	1	0	0	0	32966	360	0
109238	0	0	0	0	0	0	0	0	67753	694	1848	894	118	0	0	1	0	0	0	62689	324	0
