S	E	I1	I2	I3	I4	I5_h	I6_h	R_h	R	D1	D2	H	T	P1	P2	Q	QT	NQ	MUT	HOM	VAC	NI
178907	93	128	43	48	40	6	1	0	267	0	0	239	0	0	0	46	46	313	0	179533	0	0
178810	97	183	54	46	43	5	1	0	292	0	2	385	374	3	69	171	60	369	0	17590	0	95
178718	120	196	69	39	53	6	2	0	325	0	5	454	110	0	20	391	85	400	0	17925	0	89
178622	126	231	78	46	57	6	2	0	357	0	8	548	357	3	19	576	111	435	0	18355	0	93
178517	133	268	80	52	60	5	4	0	402	0	12	628	111	0	19	2026	137	465	0	18750	0	100
178408	147	284	103	58	65	4	5	0	443	0	16	665	260	1	15	2827	154	512	0	21410	0	104
178314	159	289	114	64	70	6	6	0	494	0	17	686	265	1	23	2918	186	522	0	43314	0	93
178247	137	289	125	77	69	7	8	0	552	0	22	741	254	1	22	3057	200	512	0	43500	0	61
178146	134	289	149	85	80	6	8	1	608	0	27	765	109	0	22	3203	221	530	0	21056	0	96
178009	166	304	152	87	83	8	7	2	680	0	35	829	309	2	28	3725	255	552	0	21177	0	128
177909	174	297	169	89	77	14	11	2	750	0	41	872	259	0	19	4437	251	580	0	22293	0	94
177774	177	329	172	96	83	14	11	2	827	0	48	843	314	2	27	4338	265	617	0	22544	0	128
177640	199	337	192	100	74	15	12	1	908	0	55	881	249	2	25	4848	269	660	0	23209	0	127
177545	183	327	217	104	78	18	11	2	987	1	60	888	272	1	30	4854	287	651	0	45170	0	89
177447	180	323	223	105	79	22	13	2	1076	1	62	902	268	0	25	3641	292	653	0	45712	0	95
177325	180	347	220	100	78	24	14	3	1173	1	68	891	109	0	38	3986	323	640	0	21920	0	115
177210	195	339	217	107	75	30	14	3	1270	1	72	889	122	1	30	4685	319	658	0	22411	0	110
177083	191	352	223	108	73	30	16	2	1374	1	80	873	297	3	32	4946	315	678	0	22936	0	119
176944	194	376	222	105	86	33	17	2	1469	1	84	882	127	5	19	5319	330	703	0	23172	0	135
176821	186	389	222	110	89	36	18	3	1568	1	90	901	270	0	39	5616	347	703	0	24637	0	117
176696	177	402	229	118	98	31	19	3	1663	3	94	919	114	2	32	5274	348	726	0	45761	0	121
176586	172	394	239	127	101	28	18	4	1764	3	97	918	292	4	34	6431	363	716	0	46714	0	106
176431	190	396	250	126	110	32	18	4	1870	3	103	892	336	2	25	6430	376	746	0	25230	0	149
176283	207	378	262	132	118	35	16	5	1979	4	114	895	248	1	34	6658	374	774	0	25118	0	137
176119	220	401	258	138	111	37	14	5	2103	7	120	908	254	0	43	7345	400	779	0	25031	0	160
175952	247	411	285	125	111	33	14	4	2220	7	124	905	331	6	38	6681	383	843	0	25473	0	162
175769	273	447	281	126	111	34	16	4	2338	7	127	923	130	2	35	7420	411	877	0	26386	0	179
175613	276	462	275	126	126	36	16	5	2462	8	128	905	252	2	35	7254	414	903	0	47492	0	152
175465	279	459	278	125	136	36	16	5	2591	8	135	885	335	4	40	7255	424	905	0	47583	0	141
175260	267	522	281	139	134	40	14	4	2720	10	142	860	349	0	44	7065	447	950	0	25607	0	197
175040	294	557	293	132	139	43	16	5	2853	12	149	833	249	3	44	6557	483	991	0	25195	0	212
174844	311	555	305	137	152	43	16	5	2997	13	155	850	280	4	46	7435	513	1006	0	24609	0	189
174637	321	574	322	133	155	45	16	5	3148	14	163	853	280	2	48	8232	516	1050	0	25924	0	197
174398	318	643	334	136	142	48	19	6	3310	14	165	857	276	0	48	7827	511	1129	0	27291	0	235
174218	306	632	357	158	165	50	23	6	3433	14	171	859	135	2	53	7325	543	1148	0	47676	0	175
174025	299	628	370	165	163	56	26	6	3605	15	175	854	208	1	52	7393	540	1167	0	47798	0	189
173779	315	646	387	170	182	54	28	6	3768	16	182	848	300	3	63	7836	574	1208	0	26170	0	238
173539	325	682	382	166	191	54	29	6	3956	19	184	839	263	5	60	8867	592	1237	0	26371	0	238
173279	344	696	413	172	205	53	31	7	4125	19	189	859	281	4	62	8947	640	1274	0	26950	0	256
173013	379	735	413	195	191	56	34	6	4299	21	191	870	258	1	56	9165	651	1352	0	26927	0	262
172727	416	756	426	193	199	58	33	6	4499	23	197	855	326	7	64	9070	642	1439	0	28514	0	281
172496	403	752	424	206	224	60	33	6	4702	25	202	874	281	4	64	7525	658	1444	0	48104	0	222
172236	386	787	443	210	224	65	30	8	4908	28	208	870	269	3	79	8127	705	1440	0	48316	0	252
171908	412	818	468	225	229	57	31	7	5132	31	215	886	292	3	58	9970	732	1508	0	27969	0	320
171625	408	862	485	225	231	56	33	5	5354	32	217	866	306	2	85	10043	767	1533	0	28033	0	278
171321	432	870	520	244	232	63	32	4	5562	34	219	871	129	9	65	10161	784	1609	0	28415	0	302
170984	458	909	543	235	244	66	31	4	5796	37	226	866	258	5	62	9989	796	1690	0	28127	0	329
170630	466	962	564	248	245	61	32	6	6044	40	235	878	295	8	79	9647	811	1767	0	28801	0	342
170351	442	973	583	264	251	66	30	8	6284	43	238	884	371	6	94	9932	877	1732	0	48841	0	270
170066	439	964	599	279	255	73	26	10	6532	46	244	848	311	1	67	11603	897	1738	0	51222	0	279
169758	458	947	617	287	258	77	25	9	6800	48	249	867	322	4	86	12223	926	1743	0	48497	0	300
169455	480	945	618	281	259	86	27	6	7075	49	252	880	340	0	77	11576	950	1746	0	49227	0	296
169150	468	945	612	282	288	85	28	6	7358	53	258	872	153	6	78	10960	956	1752	0	48475	0	296
168832	459	968	623	284	294	80	26	8	7638	56	265	862	276	6	98	12436	991	1743	0	48130	0	310
168463	477	1031	616	287	289	82	24	10	7925	58	271	846	296	5	69	12007	941	1865	0	49226	0	361
168181	456	1014	605	293	290	85	24	11	8230	61	283	847	262	3	89	11663	957	1810	0	79749	0	267
167931	441	966	621	290	305	84	29	8	8506	61	291	858	286	5	89	11680	984	1752	0	80574	0	243
167620	445	935	650	295	323	95	30	9	8773	63	295	891	338	9	96	11684	1034	1739	0	48727	0	305
167298	457	944	657	285	311	93	28	9	9081	66	304	887	256	6	89	9640	989	1786	0	48406	0	312
166992	448	977	629	275	296	92	31	8	9410	66	309	871	281	5	83	10410	971	1777	0	46650	0	301
166691	439	960	643	274	304	92	30	9	9710	67	314	848	294	4	89	10192	977	1765	0	47001	0	294
166381	446	975	625	282	302	91	33	9	10002	68	319	864	351	4	79	11422	998	1756	0	47458	0	305
166150	426	929	599	279	284	88	38	9	10335	69	327	874	329	9	87	10359	951	1692	0	79628	0	224
165910	385	893	597	285	298	95	38	9	10617	72	334	856	323	1	97	8740	955	1636	0	79349	0	231
165646	398	858	584	301	303	97	37	11	10883	75	340	834	254	3	87	9970	994	1584	0	46181	0	257
165315	446	870	565	285	293	102	37	10	11189	77	344	863	308	4	78	12198	978	1620	0	48144	0	326
164995	484	874	563	288	281	115	39	7	11459	80	348	833	260	7	73	12353	959	1685	0	49097	0	317
164706	477	884	580	281	286	113	38	6	11723	85	354	869	266	5	80	12466	960	1699	0	48939	0	282
164420	470	869	567	303	278	113	38	7	12013	89	366	809	282	7	79	12529	953	1685	0	49547	0	275
164185	425	863	571	298	262	112	38	8	12306	91	374	821	301	3	97	11607	966	1603	0	80362	0	227
163957	373	861	552	301	268	110	40	8	12587	93	383	826	279	5	71	11192	960	1545	0	79903	0	217
163695	365	855	557	296	271	116	43	9	12842	96	388	844	277	4	82	10341	975	1528	0	48003	0	258
163424	383	852	530	276	264	112	48	10	13142	97	395	865	315	3	80	11204	944	1521	0	47614	0	265
163187	381	837	533	264	262	120	49	10	13393	99	398	858	275	6	67	11845	920	1526	0	48304	0	233
162954	345	846	522	269	251	115	44	15	13668	102	402	837	279	3	74	8879	873	1519	0	48978	0	230
162683	375	831	528	258	254	110	43	14	13928	104	405	847	298	4	93	9704	919	1480	0	46359	0	265
162457	349	821	548	248	266	96	46	13	14169	108	412	855	257	3	75	9324	903	1471	0	78685	0	217
162249	340	778	536	247	282	98	45	13	14415	112	418	856	282	6	79	8705	894	1432	0	78534	0	201
162000	329	790	527	241	261	102	51	12	14681	114	425	831	287	4	74	9217	860	1441	0	46055	0	243
161745	339	790	517	252	267	98	49	10	14918	117	431	816	173	5	65	9902	847	1465	0	46292	0	249
161464	375	763	529	250	245	102	50	10	15191	118	436	809	309	7	63	10341	810	1504	0	47455	0	274
161201	389	774	527	233	244	92	48	10	15451	123	441	790	275	5	75	9861	777	1530	0	47076	0	258
160940	398	773	521	250	239	90	45	11	15696	126	444	794	254	6	61	8355	787	1529	0	46815	0	259
160740	370	762	533	240	243	92	46	11	15919	129	448	790	362	8	73	7843	784	1502	0	77035	0	195
160538	336	732	551	251	242	89	46	11	16152	130	455	832	291	5	79	8940	824	1423	0	78325	0	193
160322	315	740	516	250	249	86	44	15	16406	132	458	846	262	2	69	7834	810	1390	0	45725	0	213
160103	314	725	477	242	255	85	43	16	16677	134	462	829	295	7	55	8319	769	1372	0	45229	0	215
159886	330	711	471	240	234	83	39	14	16920	141	464	842	280	4	91	9573	805	1303	0	46820	0	214
159649	336	696	478	243	254	85	37	15	17123	146	471	826	280	8	63	9018	801	1328	0	46541	0	231
159425	352	687	483	228	252	85	39	15	17342	148	477	830	238	5	76	8154	812	1314	0	45770	0	217
159253	320	672	459	243	244	81	38	13	17581	149	480	809	327	3	75	8600	831	1226	0	77948	0	166
159086	297	647	445	231	250	82	36	13	17811	151	484	831	279	8	58	9340	767	1221	0	78525	0	163
158878	283	668	451	238	227	85	37	14	18007	155	490	844	279	3	69	10987	795	1194	0	47253	0	201
158714	278	622	434	232	232	82	35	15	18236	158	495	843	281	4	57	10306	775	1140	0	79796	0	159
158560	261	596	406	235	227	80	35	15	18457	161	500	824	244	4	63	10239	763	1077	0	78811	0	147
158423	235	583	389	223	208	78	35	14	18678	163	504	828	128	7	57	8853	728	1023	0	78914	0	133
158295	232	532	395	207	204	74	38	12	18873	163	508	857	299	3	57	9719	718	964	0	78735	0	124
158184	214	476	361	213	187	69	37	14	19100	166	512	894	250	3	46	8625	633	924	0	78088	0	108
158066	194	461	340	201	175	68	35	12	19296	168	517	881	140	1	39	8552	588	886	0	77986	0	113
157931	177	439	352	193	170	66	39	10	19467	169	520	851	110	1	49	7980	573	863	0	45535	0	133
157820	186	413	329	178	162	62	36	9	19642	172	524	822	257	7	51	6997	565	801	0	45016	0	108
157727	169	394	316	178	148	64	35	9	19787	176	530	818	250	3	38	6031	540	764	0	76959	360	87
157632	159	362	305	159	138	66	34	9	19953	182	534	834	158	1	41	5865	492	731	0	68298	360	91
157546	140	351	272	148	136	61	35	8	20114	184	538	795	303	2	44	6720	467	676	0	68307	360	83
157454	130	340	253	133	134	57	33	9	20259	187	544	840	111	2	37	7093	451	629	0	68282	360	86
157341	151	313	236	120	135	55	29	9	20400	193	551	817	110	1	28	7035	419	620	0	69422	360	109
157248	148	307	229	106	119	50	24	13	20533	197	559	827	264	2	39	6750	408	575	0	40196	360	84
157158	142	308	231	105	113	49	25	12	20632	197	561	848	139	2	30	6609	416	557	0	39980	360	88
157079	137	294	228	94	107	45	25	12	20746	199	567	853	296	2	30	6669	399	531	0	39654	360	73
156985	132	301	214	93	103	42	26	14	20854	199	570	831	272	1	17	6720	354	557	0	40068	360	90
156891	122	295	206	97	112	44	27	12	20953	200	574	820	124	2	28	6838	348	555	0	39890	360	92
156788	133	288	216	99	93	45	24	12	21052	202	581	831	122	2	30	5682	321	577	2	68190	360	81
156686	152	273	207	104	107	44	19	11	21136	207	587	817	119	3	26	5621	323	583	4	68027	360	73
156555	169	291	215	103	101	41	22	10	21223	207	596	828	297	1	33	6790	350	592	6	40521	360	110
156448	179	282	221	102	102	37	24	10	21321	207	600	833	122	1	34	5735	346	601	8	39944	360	84
156327	185	305	207	93	96	32	24	9	21442	209	604	819	121	1	24	5761	313	629	12	39075	360	103
156185	198	342	194	80	101	35	23	8	21547	211	609	843	285	0	26	5179	303	670	15	39183	360	116
156069	174	373	201	83	98	34	23	8	21641	214	615	842	153	3	29	5067	298	688	17	38653	360	111
155950	173	363	203	99	107	29	23	7	21743	216	620	869	331	3	27	4937	300	697	19	67033	360	114
155842	186	350	204	102	113	25	22	8	21840	217	624	846	259	1	32	5507	307	695	21	67464	360	104
155707	197	367	223	102	111	28	20	10	21918	217	633	865	276	4	31	6489	337	711	23	39809	360	129
155583	214	363	222	106	113	28	19	9	22021	218	637	866	267	3	37	6020	349	716	25	40254	360	120
155462	205	364	250	105	101	28	17	9	22126	220	646	844	309	5	35	4680	350	720	27	39640	360	112
155352	189	384	257	102	95	25	15	10	22232	222	650	828	283	1	25	4686	343	724	29	37834	360	106
155211	189	377	278	111	104	26	15	8	22337	222	655	849	232	3	36	4655	342	758	31	37725	360	134
155082	190	394	260	117	94	26	14	7	22467	223	659	819	356	2	35	4788	355	740	33	67010	360	126
154996	167	373	261	129	102	28	14	8	22569	224	662	807	265	2	34	7007	387	687	34	68322	360	85
154871	169	362	255	132	117	24	14	7	22691	225	666	836	261	3	36	7577	404	669	36	40351	360	120
154735	198	352	258	134	117	26	15	5	22794	225	674	817	268	3	34	6584	424	676	37	40746	360	128
154579	208	376	263	124	122	28	17	6	22907	225	678	822	255	5	33	6594	432	706	41	40046	360	150
154422	217	406	250	132	106	30	18	8	23032	225	687	816	324	0	44	7180	419	740	43	40530	360	145
154254	238	414	247	149	108	31	17	8	23149	226	692	842	293	4	31	6739	414	790	46	40140	360	162
154126	228	412	264	142	115	30	17	8	23266	226	699	855	255	3	40	6739	419	789	48	68061	360	122
153990	217	436	253	130	122	33	17	7	23394	227	707	859	106	1	33	6937	415	793	50	68389	360	128
153824	223	439	279	128	124	34	17	7	23516	228	714	863	288	2	43	7962	437	807	52	41175	360	159
153653	226	484	281	135	118	35	17	7	23631	229	717	874	276	2	47	6340	469	827	54	41214	360	169
153451	243	506	290	142	124	38	19	7	23761	230	722	889	128	4	37	5998	480	882	56	39819	360	196
153273	262	509	287	151	151	40	21	7	23874	230	728	884	256	1	34	6077	503	918	58	39528	360	171
153069	285	549	282	157	140	50	20	6	24013	231	731	873	357	5	52	6262	533	950	60	39226	360	200
152926	283	530	279	155	157	48	22	7	24160	232	734	884	315	1	49	5914	566	908	61	67990	360	140
152776	265	529	301	146	161	51	23	5	24306	232	738	878	280	2	42	5427	570	906	63	67961	360	147
152577	287	536	326	145	159	57	22	4	24442	235	743	896	293	2	44	8687	617	915	64	41178	360	193
152374	309	543	329	144	170	57	22	3	24595	237	750	852	267	2	35	8637	578	996	66	42051	360	197
152139	343	582	338	148	175	58	18	5	24731	240	756	861	269	2	54	7539	598	1064	68	41929	360	230
151909	370	602	337	164	180	55	18	7	24887	242	762	885	321	8	42	8222	615	1111	70	41197	360	225
151656	357	666	326	181	199	53	18	4	25061	243	769	857	313	2	55	8140	598	1202	72	41121	360	247
151466	350	668	335	197	192	57	21	3	25225	243	776	884	255	2	54	8244	616	1204	73	69138	360	184
151272	327	671	361	207	192	57	24	4	25391	244	783	879	98	4	46	8331	636	1203	75	69553	360	187
151021	347	694	389	194	206	58	27	5	25557	245	790	849	285	6	54	8765	648	1267	77	41975	360	247
150731	372	723	420	213	215	54	24	6	25728	248	799	816	295	3	53	7886	644	1377	78	42111	360	281
150430	397	787	439	217	207	55	27	7	25915	248	804	846	271	6	68	7006	672	1457	80	40837	360	298
150079	457	819	454	216	233	58	30	7	26122	249	809	833	126	1	61	6984	706	1561	81	40656	360	346
149731	518	847	480	244	230	59	34	6	26321	250	813	866	278	1	71	7195	749	1663	83	40067	360	342
149453	487	901	499	250	215	62	35	8	26553	252	818	900	284	3	67	7112	758	1691	83	68705	360	273
149191	435	955	519	248	215	66	29	11	26784	255	825	897	283	6	79	7343	784	1683	84	68730	360	254
148853	439	980	527	271	228	64	32	10	27040	257	832	870	287	5	67	9187	839	1702	85	42788	360	329
148475	489	1002	545	282	253	63	34	9	27284	258	839	860	286	4	80	9973	899	1769	86	42487	360	371
148098	547	990	589	281	292	64	33	11	27523	259	846	815	272	4	83	10489	949	1847	87	43573	360	368
147683	573	1065	598	289	299	73	31	10	27803	263	846	842	358	6	87	10843	997	1931	87	43774	360	412
147230	610	1135	624	319	287	77	32	10	28091	266	852	868	349	0	93	11433	1029	2055	88	44101	360	447
146887	592	1171	624	332	295	78	39	10	28382	267	856	876	300	3	96	10028	1073	2058	88	71466	360	337
146575	547	1177	640	340	316	85	37	11	28674	272	859	860	274	6	99	9795	1103	2039	89	71093	360	304
146127	586	1207	671	359	311	91	37	12	28991	274	867	854	304	2	89	11244	1128	2134	89	43953	360	439
145676	627	1222	697	368	348	92	39	10	29303	278	873	833	267	6	107	11598	1181	2212	90	44840	360	446
145227	662	1276	684	373	373	89	40	9	29643	280	877	862	329	8	106	10931	1228	2269	90	44667	360	444
144808	653	1312	697	369	374	97	43	9	30011	281	879	876	278	7	105	11315	1227	2318	90	44029	360	414
144356	663	1340	732	394	379	99	47	8	30347	284	884	875	282	10	120	11731	1286	2368	91	44290	360	446
143939	650	1346	775	416	400	107	51	7	30661	287	894	864	310	5	101	10846	1305	2440	92	79454	360	398
143569	614	1333	805	424	392	110	52	7	31038	290	899	860	295	6	136	11869	1387	2343	92	79806	360	366
143076	636	1418	804	428	382	118	48	7	31415	294	907	848	327	7	114	12604	1397	2437	93	49396	360	480
142595	716	1363	827	422	426	115	55	6	31801	296	911	850	302	4	116	13289	1366	2558	93	49233	360	474
142122	725	1380	824	457	433	122	58	5	32196	296	915	838	285	5	136	12824	1419	2580	94	50268	360	464
141621	729	1443	825	465	444	122	64	6	32599	297	918	871	365	4	123	12453	1462	2630	94	49353	360	495
141135	730	1488	858	451	426	127	65	9	33020	299	925	875	354	8	127	13902	1505	2640	95	49406	360	478
140748	689	1448	884	470	428	122	72	9	33430	304	929	890	337	8	114	12565	1507	2606	95	80549	360	384
140358	677	1389	895	472	449	134	70	13	33838	307	931	863	356	4	129	13507	1532	2554	95	80996	360	383
139874	716	1413	900	465	449	134	70	12	34251	313	936	871	349	10	133	13119	1525	2622	95	50777	360	478
139378	753	1390	933	456	450	130	71	14	34702	316	940	910	330	4	111	14012	1500	2683	95	50745	360	490
138875	770	1440	923	434	446	134	79	14	35152	319	947	913	262	3	127	13973	1482	2744	96	51436	360	496
138421	759	1451	941	440	467	141	80	12	35546	323	952	885	291	4	129	14179	1511	2768	96	50647	360	448
137901	755	1531	921	465	437	145	80	13	36000	327	958	903	200	9	131	13526	1494	2840	96	50671	360	513
137486	719	1488	923	486	452	143	82	16	36444	332	962	882	324	2	117	13743	1469	2824	96	80686	360	411
137098	646	1492	932	481	437	140	80	17	36907	339	964	922	348	9	159	15728	1485	2723	96	74262	360	385
136611	670	1528	930	424	438	137	90	15	37374	344	972	894	380	9	131	14703	1489	2728	96	49171	360	479
136100	711	1525	929	436	463	135	88	15	37801	350	980	876	269	9	135	14546	1491	2796	96	47744	360	507
135545	797	1546	937	452	465	138	90	13	38208	355	987	828	278	5	158	13761	1554	2871	96	47482	360	547
135033	828	1533	979	465	446	141	88	13	38650	365	992	848	307	11	132	13950	1547	2933	96	46921	360	507
134521	825	1548	999	449	463	143	86	13	39117	371	998	826	340	2	138	13057	1547	2966	97	46945	360	506
134034	787	1603	1016	454	452	148	85	14	39561	378	1001	834	299	6	140	12510	1554	2991	97	71777	360	486
133585	759	1581	1039	471	463	143	81	17	40005	381	1008	815	349	7	132	13727	1566	2971	97	72619	360	440
133063	778	1575	1037	483	474	144	77	17	40484	390	1011	794	278	5	138	13959	1596	2972	97	46529	360	519
132463	815	1650	1012	474	507	147	76	17	40959	398	1015	794	307	7	141	13497	1601	3080	97	46735	360	597
131940	853	1637	1018	457	521	149	75	17	41444	402	1020	805	341	9	158	13748	1638	3072	97	46333	360	520
131385	835	1685	1034	461	499	159	73	16	41948	410	1028	816	344	12	161	14900	1665	3081	97	47460	360	544
130797	847	1731	1066	483	501	163	67	18	42407	420	1033	829	299	8	131	14922	1685	3173	98	47702	360	581
130385	777	1671	1091	518	473	167	70	20	42900	425	1036	825	320	17	146	14830	1654	3113	98	73170	360	407
129933	710	1625	1129	521	488	172	71	14	43399	431	1040	820	300	5	136	15880	1683	3033	98	74131	360	444
129305	773	1712	1087	492	487	172	77	14	43937	435	1042	821	316	7	154	16007	1705	3095	98	48597	360	627
128735	839	1684	1118	489	500	170	80	12	44421	441	1044	868	352	7	143	15511	1751	3129	98	48354	360	567
128169	838	1747	1128	497	459	170	86	12	44933	446	1048	873	341	3	157	15727	1785	3140	98	48357	360	558
127634	827	1742	1139	501	470	170	86	11	45446	454	1053	893	311	3	120	15518	1698	3237	98	48663	360	524
127068	849	1761	1128	525	484	166	80	11	45941	463	1057	908	298	7	156	15775	1753	3240	99	48970	360	560
126610	787	1711	1112	550	498	158	76	13	46487	468	1063	889	279	6	130	14405	1705	3187	99	73855	360	454
126170	754	1644	1114	578	494	158	77	10	46987	476	1071	849	344	9	164	14279	1746	3073	99	73136	360	430
125638	758	1644	1109	565	481	164	81	9	47525	482	1077	833	350	7	152	15519	1728	3074	99	49016	360	528
125130	745	1633	1128	536	467	151	78	9	48088	486	1082	825	363	6	141	14821	1639	3099	99	48071	360	503
124603	791	1603	1109	541	481	158	83	10	48582	488	1084	827	358	14	168	16375	1713	3053	99	48561	360	524
124114	783	1641	1089	534	472	159	85	12	49062	492	1090	836	345	6	164	16738	1766	2997	99	49347	360	486
123599	787	1609	1132	531	467	148	86	14	49567	498	1095	858	323	2	149	15853	1715	3045	99	49206	360	513
123231	705	1554	1127	523	469	144	83	18	50071	507	1101	829	265	7	144	16085	1679	2926	99	73818	360	361
122846	672	1462	1114	520	484	139	82	16	50580	513	1105	851	298	6	157	16102	1677	2796	99	74367	360	382
122362	694	1455	1087	515	480	143	84	15	51071	516	1111	836	280	7	149	14984	1660	2798	99	49212	360	479
121890	712	1461	1038	492	464	143	81	16	51599	524	1113	856	275	8	137	16761	1648	2743	99	48379	360	465
121474	714	1438	1016	459	457	138	79	15	52097	528	1118	866	323	8	137	14655	1564	2737	99	48760	360	410
121005	679	1494	987	453	448	142	80	17	52573	531	1124	869	288	6	133	15493	1502	2781	99	46944	360	463
120547	670	1496	1005	465	454	132	79	17	53004	536	1128	870	359	7	139	14787	1474	2827	99	47709	360	453
120228	638	1392	996	437	457	130	76	16	53491	541	1131	861	276	5	147	12646	1453	2673	99	72933	360	316
119912	593	1298	993	410	452	128	80	13	53971	545	1138	870	302	6	134	12862	1434	2520	99	72687	360	308
119531	583	1299	962	388	429	130	80	12	54428	550	1141	882	269	5	116	14706	1407	2464	99	46854	360	376
119141	584	1276	943	418	411	123	72	12	54847	559	1147	852	345	5	121	14741	1393	2434	99	47494	360	384
118769	573	1243	924	437	425	118	67	11	55250	565	1151	886	278	4	109	15322	1380	2407	99	47302	360	367
118401	582	1195	890	420	442	122	62	13	55678	569	1159	886	306	2	129	15447	1335	2378	99	47629	360	361
118036	566	1193	873	388	429	119	63	15	56121	569	1161	863	320	5	130	15504	1306	2325	99	46808	360	362
117734	531	1154	854	403	405	129	55	15	56507	576	1170	866	276	4	111	15438	1275	2256	99	73419	360	292
117471	455	1133	811	374	407	127	55	12	56931	580	1177	864	287	4	111	14847	1235	2127	99	74115	360	255
117137	464	1096	816	357	405	117	57	13	57304	585	1182	856	326	3	115	14851	1244	2068	99	47358	360	331
116805	476	1063	808	355	362	127	54	16	57690	588	1189	882	262	2	111	14468	1174	2071	99	47135	360	326
116467	490	1041	789	350	358	112	48	15	58074	594	1195	899	316	4	93	13643	1110	2078	99	47370	360	329
116177	483	1023	758	343	346	103	45	16	58441	599	1199	912	346	6	98	13076	1089	2012	99	46247	360	287
115885	466	997	763	321	337	106	39	17	58793	603	1206	885	335	2	99	13080	1063	1966	99	45472	360	285
115666	441	930	750	315	320	102	46	17	59133	606	1207	915	346	1	88	12043	1012	1892	99	71909	360	218
115455	389	886	719	292	319	86	45	17	59503	609	1213	907	268	4	93	12311	974	1762	99	72154	360	205
115197	376	864	711	275	317	85	42	14	59824	612	1216	897	281	4	81	10277	926	1744	99	44830	360	255
114947	371	851	698	273	287	84	40	11	60134	617	1220	879	271	3	76	10752	909	1695	99	43751	360	246
114709	373	811	680	278	274	85	38	9	60429	622	1225	846	319	2	79	12194	903	1636	99	43495	360	236
114449	386	782	659	260	263	82	40	8	60751	624	1229	869	267	5	84	11749	874	1598	99	44851	360	256
114212	387	778	624	246	246	78	37	9	61053	628	1235	866	263	2	70	10679	807	1589	99	44387	360	230
114038	345	740	600	247	234	78	37	8	61337	629	1240	864	333	3	75	9953	784	1497	99	70453	360	167
113862	299	739	600	233	217	65	38	10	61596	629	1245	873	287	6	60	9266	754	1437	99	70444	360	173
113640	311	703	601	223	213	63	33	15	61847	631	1253	875	407	5	66	9640	761	1386	99	42447	360	217
113473	300	654	578	231	195	64	30	15	62102	634	1257	878	258	2	54	8913	734	1318	99	42600	360	163
113293	282	640	542	207	200	70	29	14	62354	639	1263	885	366	4	52	8950	694	1276	99	41680	360	175
113110	281	613	513	194	202	66	26	13	62604	643	1268	882	274	5	70	9442	696	1199	99	41848	360	177
112938	274	612	482	198	188	62	26	11	62817	646	1279	836	292	3	55	8248	667	1175	99	42511	360	163
112764	281	597	447	206	183	61	26	12	63025	648	1283	817	351	6	41	6624	632	1169	99	68654	360	168
112642	228	579	446	181	178	58	24	13	63248	649	1287	850	315	4	51	7998	610	1084	99	68869	360	119
112481	200	585	435	176	160	60	24	11	63461	650	1290	833	243	0	52	9375	590	1050	99	41295	360	159
112354	202	509	442	178	163	59	21	10	63650	652	1293	841	269	2	48	9467	575	999	99	42416	360	121
112223	193	468	416	172	163	60	19	10	63857	654	1298	828	260	4	48	9645	536	955	99	42599	360	126
112101	192	446	402	163	161	57	18	10	64027	657	1299	829	266	0	52	8333	515	924	99	42445	360	122
111979	191	412	372	148	170	53	15	11	64218	658	1306	825	274	0	34	9115	487	874	99	41187	360	117
111894	176	363	360	151	163	49	16	11	64379	658	1313	823	256	1	52	9217	480	798	99	69698	360	80
111813	146	351	344	154	140	44	15	13	64539	658	1316	826	114	0	42	8765	455	739	99	69992	360	79
111704	133	348	328	137	132	41	18	14	64694	660	1324	822	248	2	36	9779	421	716	99	42309	360	103
111595	143	332	304	123	127	42	20	12	64846	660	1329	828	284	2	33	8449	399	692	99	43171	360	107
111476	159	332	292	118	112	45	19	11	64976	660	1333	850	300	1	31	7886	382	695	99	41340	360	116
111387	147	321	290	115	107	45	17	13	65093	660	1338	843	132	1	24	6706	355	687	99	40723	360	87
111302	140	314	256	120	100	44	15	13	65223	662	1344	837	268	1	22	7050	333	656	99	39734	360	81
111235	131	282	255	117	102	42	15	8	65335	663	1348	849	278	2	29	6487	322	622	100	67802	360	63
111182	111	258	255	104	86	38	14	8	65463	664	1350	815	284	1	25	7888	288	578	100	68997	360	52
111102	108	254	217	90	89	37	15	8	65593	665	1355	853	277	1	22	7171	266	544	100	41276	360	76
111029	100	255	201	78	90	33	17	7	65696	665	1362	832	276	0	31	7403	263	511	100	40724	360	68
110954	102	239	188	91	82	30	16	5	65795	667	1364	789	288	1	22	7145	261	487	100	40222	360	74
110888	105	220	187	84	82	33	14	6	65878	669	1367	812	290	2	23	6339	244	481	100	40199	360	64
110816	109	205	188	82	83	31	14	7	65952	669	1377	813	249	2	19	6152	229	483	100	39100	360	66
110767	104	193	176	70	76	26	14	4	66054	669	1380	784	351	1	26	6081	216	443	100	67426	360	45
110725	88	202	165	63	63	23	12	4	66131	671	1386	826	235	4	14	5995	198	418	100	67516	360	37
110664	79	195	176	59	58	20	9	3	66203	674	1393	801	109	0	12	5607	174	422	100	39728	360	55
110623	68	179	169	57	50	20	7	2	66283	676	1399	797	261	1	12	3927	153	397	100	38684	360	40
110563	71	168	172	53	56	21	6	2	66341	677	1403	847	266	3	23	4284	165	382	100	37306	360	58
110510	71	156	169	48	53	20	6	2	66414	678	1406	830	116	1	14	3821	159	364	100	37426	360	51
110446	83	170	151	45	46	17	6	3	66478	678	1410	872	104	1	18	3641	157	361	100	36467	360	61
110409	82	147	145	55	47	13	6	2	66534	678	1415	845	116	0	5	3104	139	356	100	65810	360	35
110371	70	140	138	45	54	12	5	2	66597	679	1420	840	338	0	17	3564	143	321	100	65930	360	34
110335	64	136	128	39	56	12	5	2	66652	679	1425	862	322	0	10	5509	139	301	100	37961	360	34
110293	59	136	118	42	46	12	5	2	66710	679	1431	859	205	0	15	5861	141	277	100	38723	360	40
110251	61	122	118	48	39	11	1	1	66760	683	1438	900	133	0	8	6207	135	265	100	39612	360	37
110210	52	126	119	39	40	12	1	0	66803	683	1448	863	259	0	9	6028	126	263	100	39363	360	35
110175	53	130	105	44	33	10	1	0	66847	683	1452	839	114	0	8	6448	135	241	100	39226	360	32
110145	50	117	111	42	31	15	2	0	66881	683	1456	861	114	0	7	5901	129	239	100	67424	360	28
110105	57	111	107	42	28	15	4	0	66922	683	1459	857	263	1	11	5886	137	227	100	67317	360	37
110079	43	106	101	43	34	12	5	0	66961	683	1466	847	107	2	5	4823	129	215	100	38979	360	21
110047	39	108	90	34	31	9	6	0	67016	683	1470	823	111	1	17	4417	126	191	100	37915	360	29
110019	34	107	84	39	24	8	6	0	67051	683	1478	831	90	2	8	3555	116	186	100	37625	360	25
109989	41	93	76	36	27	9	5	0	67089	684	1484	829	93	0	9	3517	106	181	100	36673	360	27
109964	47	71	81	30	25	9	4	2	67127	684	1489	825	116	0	8	2649	105	162	100	36893	360	21
109949	36	70	71	28	31	9	4	2	67154	684	1495	827	106	0	8	2741	111	138	100	64815	360	11
109935	30	64	72	26	29	9	5	2	67178	684	1499	839	280	0	10	2677	105	130	100	65055	360	11
109918	20	68	65	23	25	9	4	2	67212	685	1502	856	93	0	8	2882	92	122	100	36460	360	15
109899	20	75	54	20	19	10	3	2	67241	685	1505	866	109	0	5	3590	96	105	100	36483	360	16
109876	27	56	62	22	22	10	2	2	67259	686	1509	851	100	0	4	3579	88	113	100	36808	360	21
109866	22	49	56	21	26	9	3	2	67280	686	1513	829	122	1	6	4726	85	101	100	36856	360	8
109855	13	47	53	19	25	7	3	2	67307	686	1516	822	117	0	6	5036	81	86	100	37666	360	9
109846	12	42	43	18	22	6	2	2	67333	687	1520	822	118	0	4	4649	66	79	100	66456	360	8
109835	11	41	40	16	21	5	2	2	67350	687	1523	806	106	0	9	3668	67	69	100	66438	360	9
109827	13	38	37	17	15	4	2	2	67367	687	1524	804	122	3	4	4403	61	65	100	37301	360	8
109818	9	40	31	19	11	5	3	2	67377	687	1531	809	113	0	2	4431	56	62	100	37538	360	6
109808	11	32	31	20	13	4	3	2	67386	687	1536	814	106	0	1	3862	53	61	100	37560	360	7
109798	13	25	29	21	13	2	3	2	67400	687	1540	848	119	1	1	3368	42	64	100	37017	360	8
109789	15	17	24	17	12	3	3	1	67416	688	1548	827	292	1	5	3360	38	53	100	36868	360	4
109786	12	13	24	17	8	2	3	2	67427	688	1551	872	114	0	5	3330	33	46	100	65368	360	2
109781	11	9	18	13	7	2	3	2	67442	688	1557	868	100	0	4	2121	24	39	100	65850	360	1
109773	6	14	16	11	7	2	3	2	67448	688	1563	841	101	2	2	1635	25	34	100	35000	360	4
109766	4	18	10	8	8	3	2	1	67458	689	1566	868	119	0	3	1623	23	30	100	34644	360	6
109755	4	18	10	7	6	3	1	1	67461	690	1577	839	112	0	2	1106	19	30	100	34710	360	3
109753	2	17	12	5	5	3	1	0	67463	690	1582	840	124	0	2	622	18	27	100	34037	360	1
109747	4	12	13	8	4	3	1	0	67466	690	1585	864	120	0	1	591	18	27	100	33915	360	4
109735	2	14	14	6	5	2	1	0	67470	690	1594	891	121	1	2	593	17	27	100	63676	360	4
109726	4	13	10	4	4	2	1	0	67477	690	1602	858	121	0	0	1057	13	25	100	64002	360	4
109717	7	15	9	4	0	3	0	1	67481	690	1606	867	106	0	1	580	11	27	100	34377	360	7
109710	6	13	10	4	1	3	0	1	67481	690	1614	862	125	0	0	561	8	29	100	33853	360	2
109702	3	13	8	5	3	3	0	1	67479	690	1626	830	127	0	1	541	9	26	100	33685	360	2
109696	5	13	7	4	4	3	0	1	67480	690	1630	812	103	0	2	529	7	29	100	33809	360	4
109688	4	13	7	5	4	3	0	1	67484	690	1634	820	114	0	0	519	5	31	100	33635	360	4
109682	4	16	8	5	3	2	0	1	67486	690	1636	834	118	0	2	516	8	30	100	63494	360	5
109680	4	9	13	5	5	2	0	1	67486	690	1638	871	107	0	1	541	9	29	100	64164	360	1
109677	3	7	14	4	5	2	0	1	67488	690	1642	872	102	0	1	542	7	28	100	33684	360	1
109673	3	7	9	2	4	1	0	0	67499	690	1645	853	108	0	2	65	7	19	100	33798	360	1
109669	2	9	8	2	4	0	0	0	67497	690	1652	860	91	1	0	66	7	18	100	32921	360	2
109663	4	5	7	4	4	0	0	0	67495	690	1661	835	117	0	0	67	5	19	100	33326	360	3
109657	3	7	7	2	4	1	0	0	67493	690	1669	842	248	0	2	258	7	17	100	33153	360	1
109650	1	7	8	1	5	1	0	0	67493	690	1677	850	116	0	2	536	8	15	100	63303	360	1
109648	1	5	5	2	5	0	0	0	67496	690	1681	833	107	0	1	526	7	11	100	64225	360	0
109641	4	3	8	1	3	0	1	0	67497	690	1685	798	122	0	1	531	8	12	100	33808	360	4
109639	4	4	6	0	2	0	1	0	67501	690	1686	823	128	0	1	498	6	11	100	33488	360	1
109632	4	5	4	0	3	0	1	0	67503	690	1691	834	114	0	0	495	7	10	100	33484	360	2
109629	3	5	3	0	4	0	1	0	67500	690	1698	849	91	0	1	496	7	9	100	33578	360	1
109623	1	8	2	0	2	0	1	0	67502	690	1704	848	111	0	0	486	5	9	100	33574	360	1
109619	0	9	3	0	1	0	1	0	67498	690	1712	825	107	0	1	489	5	9	100	63724	360	1
109615	1	7	3	1	1	0	1	0	67498	690	1716	850	106	0	0	488	5	9	100	63600	360	2
109611	1	6	4	1	1	0	1	0	67495	690	1723	844	107	0	0	16	4	10	100	33827	360	1
109607	0	4	5	2	1	0	1	0	67494	690	1729	873	109	0	0	14	3	10	100	33245	360	0
109601	1	4	5	2	0	0	1	0	67495	690	1734	852	112	0	1	13	2	11	100	33099	360	2
109597	1	2	5	2	2	0	1	0	67495	690	1738	873	110	0	0	11	2	11	100	33122	360	0
109595	1	1	4	0	2	1	1	0	67495	690	1743	863	282	0	1	11	2	8	100	33039	360	0
109591	1	0	4	0	3	0	1	0	67496	690	1747	866	109	0	1	14	3	6	100	62773	360	0
109588	0	1	4	0	2	0	1	0	67497	690	1750	820	104	0	0	10	2	6	100	63527	360	0
109581	1	1	3	0	2	0	1	0	67497	690	1757	803	100	0	0	11	2	6	100	33115	360	1
109577	2	0	4	0	2	0	1	0	67492	690	1765	791	116	0	0	8	1	8	100	33086	360	1
109574	2	0	2	0	2	0	1	0	67493	690	1769	822	100	0	1	10	2	5	100	33256	360	0
109573	1	1	2	0	1	0	1	0	67494	690	1770	807	129	0	0	11	1	5	100	33315	360	0
109571	1	1	2	0	1	0	1	0	67493	690	1773	824	100	0	0	11	1	5	100	33112	360	0
109566	1	1	1	0	1	0	1	0	67491	690	1781	827	120	0	0	8	1	4	100	63270	360	0
109561	1	1	0	0	1	0	0	0	67489	691	1789	835	101	0	0	8	1	2	100	63396	360	0
109557	0	1	1	0	1	0	0	0	67487	691	1795	834	106	0	0	7	1	2	100	33223	360	0
109552	0	1	1	0	1	0	0	0	67484	691	1803	799	115	0	1	5	1	2	100	33031	360	0
109551	0	1	1	0	1	0	0	0	67480	691	1808	795	107	0	0	6	1	2	100	32882	360	0
109546	0	1	1	0	1	0	0	0	67480	691	1813	811	112	0	0	7	1	2	100	33002	360	0
109539	0	1	1	0	0	0	0	0	67480	691	1821	791	103	0	0	7	0	2	100	33098	360	0
109532	0	1	1	0	0	0	0	0	67478	691	1830	803	108	0	0	4	0	2	100	63300	360	0
109528	1	1	1	0	0	0	0	0	67477	691	1834	810	104	0	0	4	0	3	100	63168	360	1
109527	1	0	2	0	0	0	0	0	67470	691	1842	795	112	0	0	4	0	3	100	33050	360	0
109524	0	1	1	0	0	0	0	0	67466	691	1850	786	107	0	0	4	0	2	100	33267	360	0
109520	1	1	0	0	0	0	0	0	67466	691	1854	785	119	0	0	4	0	2	100	32837	360	1
109517	1	1	0	0	0	0	0	0	67461	691	1862	767	124	0	0	4	0	2	100	33137	360	0
109516	1	1	0	0	0	0	0	0	67457	691	1867	788	104	0	0	0	0	2	100	32909	360	0
109513	1	1	0	0	0	0	0	0	67454	691	1873	810	118	0	0	0	0	2	100	63273	360	0
109513	1	0	0	0	1	0	0	0	67451	691	1876	812	114	0	0	0	0	2	100	63034	360	0
109512	1	0	0	0	0	0	0	0	67451	691	1878	839	115	0	0	0	0	1	100	32968	360	0
109509	0	1	0	0	0	0	0	0	67451	691	1881	835	120	0	0	0	0	1	100	33158	360	0
109504	0	3	0	0	0	0	0	0	67448	691	1887	871	94	0	0	0	0	3	100	33128	360	2
109502	0	3	0	0	0	0	0	0	67447	691	1890	853	115	0	0	0	0	3	100	32721	360	0
109498	0	2	1	0	0	0	0	0	67443	691	1898	834	110	0	0	0	0	3	100	32985	360	0
109491	0	1	2	0	0	0	0	0	67440	691	1908	816	122	0	0	0	0	3	100	63161	360	0
