S	E	I1	I2	I3	I4	I5_h	I6_h	R_h	R	D1	D2	H	T	P1	P2	Q	QT	NQ	MUT	HOM	VAC	NI
178925	102	109	54	36	49	6	3	0	249	0	0	239	0	0	0	56	56	303	0	179533	0	0
178854	93	159	58	29	45	6	3	0	285	0	1	389	369	3	78	1113	72	321	0	17631	0	70
178775	102	177	63	32	48	7	2	1	322	0	4	457	256	1	13	1311	81	350	0	18882	0	76
178701	114	195	64	39	49	7	3	1	352	0	8	550	301	2	15	1805	99	372	0	19208	0	70
178617	116	214	80	45	51	8	2	1	386	1	12	627	114	0	14	2642	110	406	0	19902	0	79
178511	124	243	89	51	54	10	2	1	431	1	16	657	261	1	22	2741	137	436	0	21516	0	102
178430	127	237	110	58	61	10	4	1	476	1	18	684	109	2	17	2819	154	453	0	43270	0	80
178348	117	257	118	64	57	11	6	1	530	1	23	747	260	1	19	4494	195	435	0	44747	0	76
178250	123	267	125	71	58	10	6	1	591	2	29	763	108	0	21	5793	218	442	0	23469	0	91
178127	146	276	147	80	66	10	7	1	634	2	37	823	364	2	19	6087	241	491	0	23699	0	114
178016	161	289	158	73	72	13	7	1	698	3	42	872	309	0	24	6493	254	519	0	24450	0	106
177879	173	334	153	79	71	13	8	1	770	3	49	850	266	2	18	5434	241	590	0	24634	0	129
177754	187	357	171	81	69	14	6	1	832	5	56	891	98	1	22	6009	265	620	0	24307	0	118
177670	177	335	197	86	74	13	7	1	907	6	60	886	117	2	21	6163	271	618	0	46659	0	79
177564	159	355	213	86	83	12	8	1	984	6	62	891	277	1	24	5774	278	638	0	46533	0	103
177431	170	357	198	95	95	13	7	2	1090	7	68	883	108	0	29	6439	277	658	0	24449	0	124
177313	178	355	220	105	91	14	6	3	1168	7	73	889	129	1	36	4992	284	685	0	24570	0	112
177169	202	353	239	105	92	17	9	3	1259	7	78	867	290	2	33	4662	317	700	0	23223	0	139
177026	218	366	230	108	100	16	6	3	1369	10	81	883	289	2	25	5179	318	726	0	23176	0	138
176859	214	420	239	105	91	24	8	2	1473	10	88	895	326	1	29	4907	321	780	0	24065	0	160
176746	186	440	243	100	96	24	13	3	1580	10	92	903	279	1	39	5169	314	788	0	45331	0	109
176623	172	433	267	114	98	24	13	3	1678	11	97	904	294	1	38	6030	353	768	0	46259	0	117
176453	200	445	268	121	102	25	13	2	1791	11	102	887	327	2	29	5382	364	810	0	24874	0	163
176279	227	443	265	127	112	23	12	1	1922	12	110	868	254	2	37	5414	375	834	0	23643	0	166
176091	267	443	279	141	121	28	9	1	2022	15	116	904	243	1	37	5913	397	891	0	23521	0	183
175907	270	467	305	140	121	27	10	1	2150	15	120	879	277	3	45	6707	410	930	0	24981	0	180
175711	282	494	311	149	135	29	11	2	2272	15	122	904	271	3	43	6764	411	1000	0	25680	0	193
175536	274	509	298	150	154	31	13	2	2428	15	123	911	248	1	52	6136	431	998	0	46987	0	173
175365	263	543	289	149	158	37	15	3	2566	15	130	881	344	5	48	6347	468	986	0	46874	0	165
175128	270	600	305	160	163	37	15	3	2700	15	137	862	175	3	52	6651	505	1045	0	25149	0	229
174895	320	605	319	154	177	38	18	2	2847	15	143	852	269	4	45	6459	527	1104	0	24717	0	226
174665	349	614	351	164	179	38	18	1	2988	16	150	830	282	4	50	5975	562	1151	0	24566	0	222
174428	361	644	361	173	174	41	19	1	3156	17	158	845	277	0	57	6399	584	1189	0	24208	0	228
174167	369	687	377	186	177	44	19	2	3327	18	160	867	325	3	58	6979	603	1256	0	25757	0	258
173940	345	725	396	184	192	51	22	2	3491	18	167	862	315	4	57	6587	629	1286	0	47159	0	220
173713	322	740	404	196	198	52	21	4	3693	20	170	832	371	5	63	6393	623	1310	0	47316	0	223
173439	348	744	413	203	220	57	20	4	3886	23	176	846	296	5	70	8430	682	1323	0	25123	0	268
173140	394	756	435	206	241	58	23	4	4073	25	178	840	270	6	72	8455	713	1400	0	26956	0	296
172844	423	776	455	211	247	61	26	4	4279	25	182	877	343	7	60	8497	739	1460	0	26389	0	291
172509	447	846	468	205	246	65	26	4	4506	27	184	884	250	4	65	10424	758	1545	0	26981	0	332
172180	468	884	480	209	247	69	28	3	4747	28	190	857	316	6	76	10961	777	1608	0	29861	0	323
171918	447	877	522	224	247	69	28	5	4971	30	195	876	294	6	83	11370	803	1611	0	49951	0	256
171640	434	885	538	214	251	71	28	6	5230	32	204	878	311	5	68	10892	780	1641	0	50714	0	268
171265	463	953	567	218	257	66	28	6	5464	35	211	857	282	5	76	11238	823	1729	0	29328	0	367
170917	494	997	579	246	260	69	29	5	5687	36	214	849	239	4	64	10427	857	1817	0	29464	0	341
170561	527	1016	599	255	258	76	27	6	5950	39	219	843	337	7	75	10158	870	1888	0	28763	0	352
170165	537	1087	631	254	270	81	31	4	6208	40	225	852	266	4	81	9224	894	1997	0	28470	0	389
169755	579	1099	671	270	275	80	33	5	6489	44	233	864	303	6	101	9828	947	2060	0	28358	0	399
169436	536	1129	658	288	299	84	33	5	6784	45	236	868	356	5	96	9469	969	2058	0	48948	0	309
169116	500	1135	685	312	302	88	33	4	7069	47	242	837	324	5	92	9161	997	2058	0	50547	0	313
168722	550	1108	715	322	322	88	34	5	7369	49	249	872	332	9	104	11026	1037	2102	0	47588	0	385
168361	589	1095	697	318	317	89	36	5	7720	52	254	873	347	5	93	11711	1043	2098	0	47987	0	350
168030	558	1114	686	325	333	90	38	5	8042	54	258	871	317	6	89	11961	1088	2056	0	48417	0	323
167643	535	1165	691	335	342	93	35	7	8363	60	264	858	256	6	97	12192	1102	2094	0	48798	0	378
167262	546	1175	702	344	340	94	34	8	8697	61	270	851	281	4	85	13073	1082	2153	0	49384	0	374
166958	523	1115	721	345	349	93	36	10	9036	64	283	845	279	6	112	12784	1114	2068	0	80258	0	291
166689	485	1076	701	346	361	96	38	9	9375	66	291	834	298	3	102	12723	1118	1985	0	80988	0	262
166320	508	1047	713	338	384	107	42	9	9700	69	296	860	279	4	110	12899	1164	1975	0	50001	0	362
165970	494	1094	698	323	355	106	44	10	10066	70	303	850	273	3	108	11797	1124	1990	0	49547	0	343
165595	519	1103	690	309	342	108	52	10	10423	71	311	831	278	5	106	12508	1132	1991	0	48498	0	365
165266	502	1074	699	314	338	109	51	11	10780	74	315	825	288	4	105	11572	1109	1978	0	49182	0	324
164921	504	1081	722	319	338	109	51	11	11079	78	320	834	348	7	98	11265	1134	1990	0	48378	0	339
164661	468	1059	687	318	322	109	53	12	11436	79	329	845	328	10	93	11297	1102	1914	0	79564	0	252
164383	429	1036	657	329	330	110	57	10	11775	84	333	835	304	1	104	12103	1130	1818	0	80210	0	270
164091	410	979	672	343	339	108	52	12	12098	89	340	850	253	5	77	11683	1103	1800	0	48528	0	284
163785	431	945	665	320	343	102	51	12	12440	94	345	860	318	2	101	12493	1088	1769	0	47810	0	301
163461	455	952	646	304	322	116	51	9	12772	96	349	859	250	5	83	12593	1049	1797	0	49359	0	317
163165	475	912	636	294	334	116	52	9	13083	101	356	900	250	4	78	12110	1016	1803	0	48405	0	290
162851	505	867	626	301	348	113	55	7	13390	102	368	846	289	8	90	11590	1041	1774	0	48773	0	299
162601	461	890	615	298	326	113	53	9	13691	105	371	894	319	8	91	8963	987	1769	0	79813	0	244
162359	412	896	583	307	323	112	55	11	13989	108	378	898	290	8	91	8785	1005	1683	0	78127	0	232
162035	416	937	586	285	317	110	55	11	14285	112	384	886	270	2	94	10538	1029	1677	0	47759	0	317
161740	432	919	581	284	309	105	59	12	14590	113	389	892	255	2	78	9668	1017	1672	0	47103	0	289
161478	434	874	604	297	297	110	60	9	14861	116	393	864	266	5	89	10151	994	1682	0	46272	0	258
161211	418	888	578	304	285	108	59	10	15159	118	395	849	336	9	93	11009	1001	1639	0	47280	0	264
160942	401	899	575	287	281	103	57	9	15459	121	399	840	295	1	104	9505	977	1626	0	47875	0	262
160716	387	831	598	303	275	89	54	11	15739	125	405	880	255	4	87	9526	986	1551	0	78489	0	220
160483	364	834	574	286	269	93	55	12	16024	128	411	879	270	8	76	10348	974	1501	0	79447	0	227
160227	365	824	582	281	260	87	55	12	16293	131	416	842	280	3	71	10164	928	1526	0	47173	0	250
159956	369	834	554	278	286	89	51	13	16542	136	425	805	312	5	62	10028	880	1581	0	46876	0	262
159700	364	837	544	265	269	94	54	13	16824	138	431	825	301	5	67	7928	833	1594	0	47073	0	249
159459	377	797	538	272	273	90	54	11	17080	144	438	817	276	5	84	9531	883	1518	0	44624	0	235
159196	377	819	522	263	274	91	51	10	17338	150	442	848	314	7	59	10030	839	1558	0	46491	0	259
158956	370	804	529	256	269	97	52	11	17589	152	448	800	312	6	77	9561	846	1531	0	78108	0	232
158761	342	750	528	256	262	94	50	13	17865	155	457	848	113	3	90	9088	835	1447	0	79044	0	185
158545	329	756	508	258	254	91	48	16	18110	159	459	877	294	7	83	10911	853	1391	0	46457	0	213
158295	368	732	501	257	252	89	47	14	18352	164	462	833	287	3	73	10214	824	1422	0	47980	0	248
158069	383	693	489	248	276	86	40	10	18606	171	462	818	274	6	61	10220	823	1392	0	47283	0	225
157844	363	679	487	262	269	86	40	10	18852	173	468	809	288	3	70	10023	810	1376	0	47074	0	220
157625	330	708	465	251	266	88	43	10	19096	176	475	819	309	3	85	11064	814	1337	0	46760	0	211
157438	311	693	455	246	254	92	43	11	19335	178	477	810	318	1	78	11369	829	1265	0	79734	0	185
157227	319	668	472	229	264	86	38	13	19556	181	480	817	266	3	59	9582	803	1273	0	79723	0	207
157028	313	652	457	249	227	83	37	13	19804	184	486	826	294	6	62	10294	794	1224	0	46941	0	192
156877	294	621	457	221	229	82	37	14	20023	186	492	836	296	0	69	9521	787	1154	0	79399	0	145
156724	273	585	427	228	223	77	36	14	20262	189	495	814	312	3	67	8816	758	1091	0	78342	0	149
156600	244	548	413	218	219	75	36	14	20477	191	498	842	341	5	58	7527	714	1039	0	78459	0	121
156471	222	539	407	206	193	78	33	15	20672	197	500	874	294	5	66	8016	715	963	0	77511	0	125
156336	201	511	374	200	175	76	34	16	20907	198	505	881	246	3	44	8440	670	901	0	77763	0	131
156221	194	483	372	188	171	79	31	18	21069	200	507	878	128	4	46	8777	648	870	0	78143	0	114
156080	192	469	354	177	168	76	32	16	21254	202	513	888	368	1	40	8539	605	863	0	47155	0	135
155942	203	450	336	171	166	71	32	16	21423	203	520	842	240	5	50	8537	582	847	0	45524	0	134
155836	179	442	311	164	166	70	30	15	21589	204	527	828	229	6	46	8386	568	794	0	78259	360	99
155733	179	389	330	157	156	70	32	14	21733	207	533	852	334	0	45	7083	557	756	0	69148	360	98
155644	164	359	315	147	150	69	28	14	21892	211	540	853	123	1	37	6963	517	715	0	68426	360	84
155557	134	345	303	143	148	65	29	14	22033	214	548	866	277	1	44	6938	511	656	0	68499	360	80
155488	118	318	289	128	131	58	28	15	22189	215	556	864	282	3	47	7563	482	588	0	69235	360	63
155383	125	291	268	123	128	56	28	14	22332	218	567	871	273	2	27	7464	441	578	0	40712	360	95
155297	115	273	256	116	132	57	25	15	22457	220	570	860	304	5	32	7299	410	564	0	40660	360	84
155203	116	279	251	117	113	54	26	15	22560	222	577	864	123	5	34	5996	384	572	0	40516	360	88
155118	126	263	236	114	109	59	24	15	22666	222	581	857	252	2	25	6673	363	568	0	39484	360	82
155036	115	266	230	107	107	59	25	14	22766	222	586	850	118	1	27	6442	335	574	0	39764	360	78
154948	121	265	225	111	89	56	25	13	22870	222	588	847	113	0	39	6326	329	563	2	67818	360	68
154851	145	253	206	99	95	53	25	13	22979	224	590	858	124	2	23	6203	304	572	3	68085	360	84
154732	158	271	195	91	98	52	25	13	23074	225	599	839	304	1	33	6340	311	579	6	40241	360	93
154621	176	276	195	92	96	48	23	13	23165	227	601	863	113	0	28	5135	304	602	8	39506	360	93
154496	167	316	190	91	96	43	23	15	23262	228	606	837	132	0	27	5342	297	629	11	38319	360	109
154382	169	331	191	92	92	38	22	16	23359	229	612	843	126	1	29	6006	292	643	15	39344	360	88
154279	157	327	198	95	92	37	19	16	23464	232	617	815	282	3	25	6092	292	633	16	39288	360	98
154178	154	332	191	92	95	35	15	15	23564	235	627	830	282	2	26	6576	295	619	17	68365	360	91
154105	132	332	201	99	85	37	13	11	23652	237	629	851	241	0	29	6549	300	599	18	68039	360	72
153973	146	340	195	104	90	36	13	12	23752	239	633	864	281	1	22	6046	308	616	21	39936	360	128
153847	178	317	198	111	101	36	14	10	23842	239	640	857	287	3	34	6144	320	635	23	39516	360	120
153710	201	320	199	103	97	33	12	12	23955	239	652	826	308	5	36	6114	318	647	24	39887	360	125
153578	206	344	204	97	94	30	13	12	24059	240	656	816	290	1	28	5798	315	673	26	39202	360	129
153460	172	393	212	96	100	29	14	11	24149	240	657	825	242	5	34	5899	327	689	28	39014	360	116
153364	165	355	237	117	101	28	13	12	24240	240	661	852	300	4	28	4893	328	688	29	67649	360	93
153270	168	330	234	128	96	24	11	12	24356	240	664	854	322	0	47	4937	348	643	30	67535	360	92
153144	174	349	212	119	97	29	13	11	24475	240	670	887	265	3	36	4091	353	640	33	38672	360	120
153007	197	351	208	119	105	30	14	8	24578	240	676	887	255	4	31	4116	342	682	33	37441	360	131
152870	211	359	213	119	104	26	15	7	24683	243	683	891	231	3	23	6300	347	700	35	39041	360	130
152717	207	414	199	123	108	22	17	7	24785	243	691	896	261	4	41	6372	371	719	37	39381	360	147
152561	208	425	216	136	109	22	17	8	24888	244	699	930	287	1	25	6472	379	754	39	39674	360	149
152442	201	408	243	134	119	22	20	6	24989	244	705	927	106	0	44	6750	386	761	41	68105	360	114
152325	188	420	222	129	127	24	21	4	25116	245	712	906	255	2	34	7749	412	719	43	69133	360	112
152183	193	413	250	126	135	23	21	5	25221	246	717	887	293	1	44	8289	426	735	44	40949	360	137
152045	187	408	262	119	149	29	22	5	25338	247	722	898	268	1	41	8332	445	731	44	41591	360	133
151890	218	408	266	118	146	31	19	6	25456	249	726	900	254	5	40	7809	447	759	45	41400	360	150
151722	237	417	261	130	146	29	18	8	25583	250	732	937	262	0	34	7731	450	788	47	41501	360	164
151556	256	433	258	129	145	30	19	8	25713	251	735	912	116	2	41	6705	446	824	49	40911	360	163
151406	268	433	267	140	147	31	19	7	25827	252	736	878	114	0	30	5458	440	865	51	68000	360	147
151264	233	475	256	141	149	35	17	7	25959	257	740	882	289	2	45	5401	448	858	52	67099	360	138
151094	228	510	265	144	151	36	16	7	26077	260	745	882	297	0	39	6423	480	870	53	40416	360	167
150914	247	490	291	163	155	34	17	7	26206	261	748	868	270	2	45	6467	496	901	55	40289	360	178
150689	279	528	297	161	166	33	15	6	26344	262	753	854	297	3	38	6647	512	967	57	39819	360	219
150492	296	542	305	160	163	33	15	7	26497	265	758	872	326	2	53	6351	538	976	60	40007	360	194
150289	283	606	318	162	161	34	17	6	26630	266	761	898	276	0	54	6794	547	1034	61	39721	360	199
150102	281	599	336	177	177	33	20	6	26770	266	766	894	251	2	42	6821	571	1052	63	68243	360	182
149928	260	611	354	182	174	32	21	6	26930	267	768	908	109	1	58	7330	584	1050	64	68804	360	171
149694	290	620	380	183	171	32	22	6	27092	268	775	877	269	1	46	8057	581	1117	65	40499	360	229
149453	334	613	391	195	174	34	25	6	27255	268	785	866	264	5	51	8894	613	1153	67	41527	360	234
149249	325	627	383	215	174	42	29	7	27423	269	790	870	280	6	58	7805	635	1160	68	41822	360	198
149023	327	649	392	209	176	43	28	7	27609	273	797	859	300	1	59	7844	644	1180	68	41041	360	221
148776	361	640	402	207	184	48	29	7	27804	274	801	904	276	3	60	8044	647	1224	69	41393	360	244
148569	365	646	385	220	192	49	31	5	27988	275	808	877	276	4	58	8322	667	1221	70	69254	360	198
148378	324	670	404	210	207	54	30	4	28161	278	813	870	296	2	53	9075	674	1225	71	69966	360	186
148157	318	694	391	198	219	54	30	4	28371	281	816	902	276	3	59	8815	649	1255	73	42302	360	217
147899	344	715	395	214	220	55	34	3	28543	283	828	914	292	4	66	8900	704	1273	74	42306	360	248
147642	353	729	421	223	227	58	34	4	28723	283	836	856	120	1	59	8797	717	1328	75	42141	360	251
147372	362	773	430	236	210	57	37	3	28929	284	840	883	356	4	67	8845	724	1381	77	42174	360	267
147054	441	774	448	233	220	59	35	3	29132	288	846	879	284	4	49	8762	698	1512	78	42041	360	313
146805	428	784	476	237	225	57	37	3	29340	290	851	877	317	3	70	8667	718	1526	79	69535	360	241
146609	369	788	488	243	223	60	34	3	29568	294	854	855	282	7	73	7687	698	1507	80	70233	360	193
146281	409	818	501	255	248	61	34	6	29763	295	862	871	293	3	70	7316	748	1578	81	40886	360	320
145934	446	855	521	243	254	64	27	9	30012	300	868	864	267	3	91	7110	797	1613	82	40670	360	340
145621	473	887	499	249	273	67	29	8	30255	301	871	841	272	3	78	9710	846	1631	83	40984	360	311
145310	484	915	531	258	267	72	28	7	30476	305	880	856	337	5	78	10053	889	1666	84	43340	360	304
144946	545	926	530	273	299	78	27	6	30715	306	882	901	149	5	71	10013	878	1800	85	43105	360	359
144685	504	938	550	274	282	84	31	6	30986	307	886	889	271	5	87	10073	905	1758	85	78339	360	255
144451	453	939	558	280	288	86	32	5	31243	310	888	912	181	1	96	9336	947	1689	86	79000	360	230
144109	437	1010	565	289	291	92	28	5	31496	316	895	913	274	2	84	10490	981	1731	87	47440	360	333
143727	491	1019	614	281	298	94	29	6	31761	317	896	912	284	3	78	10590	1003	1823	88	47194	360	379
143348	527	1048	628	279	325	95	30	6	32024	319	904	870	289	5	78	10868	996	1936	89	47328	360	369
142965	551	1076	648	299	330	98	30	5	32301	322	908	900	360	4	83	11315	994	2038	89	47389	360	379
142549	584	1103	656	347	336	99	38	5	32586	322	908	885	276	2	96	10646	1038	2125	90	47780	360	412
142194	573	1129	674	343	305	99	43	6	32933	323	911	904	285	5	121	8018	1068	2098	90	78509	360	352
141891	529	1136	672	322	322	98	42	6	33275	325	915	889	278	4	101	8011	1099	2022	90	77446	360	297
141487	567	1148	694	322	322	99	40	6	33597	330	921	887	287	4	97	8168	1109	2083	91	44487	360	398
141049	622	1160	724	322	332	97	51	6	33910	331	929	919	175	4	98	9663	1133	2175	92	45168	360	432
140604	613	1248	706	354	322	99	55	6	34257	335	934	926	302	6	95	10213	1156	2241	92	47344	360	439
140188	629	1261	737	348	346	97	60	7	34584	338	938	876	337	7	110	9869	1200	2278	92	46814	360	408
139759	629	1274	759	351	377	102	61	6	34928	341	946	901	349	6	109	9752	1218	2335	92	46523	360	420
139387	585	1301	770	342	374	112	64	7	35298	344	949	898	340	2	110	10173	1242	2306	93	78406	360	364
139023	580	1283	772	352	392	114	71	8	35641	344	953	924	334	10	127	10442	1305	2259	93	71154	360	359
138560	635	1287	808	355	383	121	68	8	36001	349	958	887	322	3	110	11421	1316	2341	94	43881	360	457
138060	684	1332	848	368	361	123	70	6	36365	350	966	883	286	1	107	12811	1335	2451	94	44676	360	491
137615	715	1342	840	394	361	122	68	7	36739	357	973	892	278	5	104	13405	1317	2525	94	46014	360	439
137135	735	1379	844	407	389	119	68	9	37109	360	979	898	319	5	104	13706	1322	2619	95	46418	360	475
136621	760	1391	865	430	423	121	67	11	37494	365	985	878	288	5	128	12642	1359	2698	95	45829	360	508
136243	693	1407	863	439	415	122	63	13	37915	371	989	912	269	4	141	11641	1379	2623	95	71854	360	372
135876	626	1390	907	451	409	127	62	14	38298	377	996	899	263	2	128	12665	1413	2559	95	72133	360	359
135334	679	1464	907	449	401	127	63	14	38713	382	1000	893	254	4	119	14173	1422	2668	95	46943	360	540
134796	729	1508	898	443	415	121	72	13	39145	385	1008	884	325	3	115	13625	1396	2790	96	46973	360	532
134264	754	1521	926	443	465	125	73	13	39546	391	1012	881	323	3	138	13325	1466	2841	96	46434	360	528
133746	770	1524	989	447	460	123	75	12	39973	398	1016	879	326	8	145	13103	1511	2877	96	46876	360	511
133207	787	1572	975	469	450	126	75	13	40436	400	1023	875	274	5	143	12627	1535	2919	96	46452	360	530
132778	716	1590	1010	477	439	116	78	13	40881	406	1029	861	312	7	139	12389	1577	2849	97	71865	360	423
132361	676	1533	1034	474	457	118	79	13	41345	410	1033	869	318	4	122	13494	1564	2807	97	72352	360	413
131796	731	1542	1059	466	463	108	79	14	41821	414	1040	903	257	9	136	14305	1599	2849	97	47375	360	558
131297	749	1550	1079	468	445	106	81	12	42279	420	1047	918	355	6	132	14581	1641	2837	97	47401	360	490
130811	725	1601	1077	470	435	109	83	10	42733	425	1054	939	287	4	126	13709	1660	2840	97	47956	360	477
130321	730	1586	1090	452	448	113	84	13	43208	428	1060	915	311	9	142	14192	1616	2887	97	46600	360	484
129799	753	1594	1095	452	437	115	80	17	43691	433	1067	935	325	7	138	14433	1606	2920	97	46725	360	515
129372	739	1516	1093	439	475	119	85	16	44166	434	1079	881	289	6	145	14195	1631	2835	98	73453	360	415
129016	650	1495	1049	447	475	117	91	17	44657	436	1083	886	359	5	138	14382	1610	2714	98	74127	360	352
128473	691	1525	1007	458	474	129	90	14	45141	444	1087	854	329	7	112	13874	1552	2822	98	46908	360	537
127999	717	1472	1015	461	477	135	84	19	45612	449	1093	884	351	9	150	13988	1571	2790	98	46588	360	469
127514	733	1461	995	481	483	138	76	21	46077	455	1099	865	288	7	144	13804	1579	2788	98	47403	360	481
127035	756	1419	1026	491	477	137	72	19	46532	464	1105	843	340	5	132	13460	1541	2837	98	46358	360	474
126600	744	1415	1003	457	448	136	77	17	47057	470	1109	846	271	7	158	13315	1527	2753	98	46283	360	432
126257	679	1381	984	430	460	133	75	18	47527	476	1113	840	360	9	112	12751	1479	2663	98	71984	360	341
125877	627	1376	987	424	444	134	72	19	47977	482	1114	844	272	11	142	13259	1460	2604	98	72790	360	375
125439	654	1328	964	419	445	128	71	20	48458	488	1119	832	286	9	130	14452	1424	2585	98	46937	360	432
124998	657	1366	942	396	445	130	75	19	48887	493	1125	853	281	12	134	14266	1416	2595	99	47052	360	437
124552	666	1394	920	394	423	136	81	17	49322	497	1131	851	336	6	131	14909	1451	2563	99	47058	360	439
124141	646	1363	955	398	432	135	75	18	49733	504	1133	867	338	6	121	15446	1453	2551	99	47633	360	406
123717	637	1372	944	424	442	131	69	18	50124	516	1139	866	402	6	111	15340	1450	2569	99	49039	360	419
123378	579	1326	930	403	454	126	66	19	50588	521	1143	869	319	2	120	14544	1418	2466	99	73565	360	332
123123	502	1275	888	394	438	116	69	19	51036	525	1148	871	354	4	131	14472	1413	2269	99	73793	360	253
122775	486	1237	880	378	402	126	63	17	51486	532	1151	832	280	3	129	14637	1372	2200	99	47317	360	342
122432	503	1171	889	359	395	128	60	19	51881	538	1158	827	339	8	133	14360	1369	2136	99	47312	360	338
122084	487	1139	900	358	378	127	63	17	52274	542	1164	840	335	1	95	14094	1296	2156	99	47090	360	341
121704	525	1105	848	352	399	123	58	16	52685	550	1168	845	285	6	109	14203	1271	2139	99	47415	360	376
121359	563	1088	797	360	386	119	56	19	53063	552	1171	861	254	6	101	13600	1219	2150	99	47153	360	341
121060	528	1070	798	361	354	123	57	20	53429	555	1178	827	322	4	110	12992	1194	2097	99	72596	360	290
120790	462	1047	804	347	334	118	56	20	53815	557	1183	857	296	3	92	12595	1157	2011	99	73297	360	264
120484	444	1023	776	343	323	116	54	23	54194	559	1194	826	266	3	97	14075	1138	1941	99	45737	360	299
120149	490	994	767	354	302	115	48	26	54527	561	1200	866	329	7	102	13069	1135	1935	99	46416	360	330
119828	507	980	742	340	281	107	50	24	54901	565	1208	888	332	2	95	12997	1072	1935	99	45543	360	314
119532	508	966	723	352	275	101	54	21	55223	566	1212	863	293	6	83	12475	1017	1962	99	45752	360	293
119242	462	1016	688	343	259	96	54	20	55560	571	1222	844	116	4	81	12501	962	1956	99	45382	360	282
118992	419	993	687	334	253	93	58	17	55885	574	1228	886	345	8	89	10902	947	1890	99	71570	360	245
118757	395	901	714	315	283	93	57	17	56188	576	1237	827	274	2	96	10837	934	1824	99	71512	360	225
118472	400	911	652	305	279	98	48	19	56521	584	1244	812	345	5	94	11356	920	1773	99	44309	360	278
118204	435	861	633	285	285	96	47	20	56830	587	1250	842	281	2	85	10961	884	1758	99	44217	360	264
117967	409	843	644	289	269	90	44	20	57109	591	1258	830	279	7	96	10614	882	1706	99	43616	360	225
117727	390	822	645	279	265	89	40	20	57394	598	1264	800	350	2	63	9718	859	1671	99	43768	360	232
117449	407	809	658	261	266	84	38	19	57671	601	1270	801	245	7	69	9982	832	1691	99	42151	360	271
117264	377	768	620	238	246	80	41	18	58004	604	1273	814	249	2	80	9367	810	1560	99	69810	360	182
117080	332	746	613	229	237	78	43	18	58277	604	1276	811	342	4	84	9816	822	1456	99	70413	360	182
116855	310	735	594	220	237	77	44	17	58553	608	1283	846	384	4	65	10593	800	1417	99	43698	360	217
116649	310	723	575	210	225	71	49	15	58811	608	1287	835	314	4	69	10905	764	1399	99	44089	360	202
116423	305	720	562	212	223	71	42	16	59045	614	1300	849	284	2	65	9843	727	1408	99	43819	360	218
116218	317	686	544	203	224	71	39	14	59294	618	1305	829	283	3	69	10617	718	1366	99	42606	360	200
116007	317	679	506	203	216	77	37	12	59548	621	1310	831	270	1	63	9984	685	1350	99	43584	360	206
115860	279	663	466	194	219	75	41	10	59791	623	1312	848	286	4	72	9928	664	1273	99	70427	360	145
115719	244	634	472	197	205	71	38	9	60004	628	1312	852	276	7	58	11413	635	1226	100	71230	360	141
115515	263	605	479	196	194	70	35	11	60219	629	1317	836	313	4	46	11238	582	1260	100	44675	360	199
115337	267	583	470	196	188	68	35	9	60426	631	1323	859	266	4	66	10757	593	1214	100	44190	360	173
115174	272	548	459	194	188	67	26	12	60628	638	1327	879	246	2	50	9629	571	1183	100	43906	360	161
115004	283	522	451	179	166	67	26	10	60852	640	1333	844	255	2	60	10900	566	1128	100	42658	360	167
114857	268	536	409	164	157	70	25	8	61059	641	1339	861	287	1	49	9674	529	1100	100	43273	360	141
114708	247	546	398	157	149	66	26	9	61239	643	1345	854	285	4	38	9577	516	1073	100	69826	360	142
114581	234	517	406	169	145	63	26	9	61387	645	1351	841	261	2	45	8249	499	1061	100	69799	360	122
114447	224	504	394	167	141	60	26	7	61561	647	1355	862	331	2	49	8216	489	1027	100	42085	360	130
114304	210	490	403	149	154	55	23	7	61727	650	1361	832	252	2	52	7123	505	979	100	41479	360	137
114149	221	483	392	143	134	50	23	7	61915	651	1365	805	288	0	41	7316	482	964	100	40144	360	151
114026	221	450	388	136	132	48	23	7	62079	652	1371	831	122	1	39	7274	468	930	100	40380	360	117
113895	219	450	354	133	134	46	23	8	62243	653	1375	826	256	2	42	6546	419	940	100	40263	360	129
113798	190	409	358	131	139	45	24	8	62390	654	1387	830	344	2	42	6114	416	880	100	67681	360	89
113700	183	369	364	125	124	45	22	8	62547	654	1392	835	273	1	38	6354	405	827	100	68506	360	94
113590	178	370	333	122	104	39	20	7	62718	656	1396	885	274	3	41	6821	385	781	100	39869	360	107
113480	173	355	324	128	109	40	20	8	62835	656	1405	860	270	1	26	7002	375	774	100	40061	360	105
113389	169	331	315	119	112	37	21	8	62962	656	1414	885	303	4	32	7374	368	736	100	40099	360	83
113291	168	320	291	118	110	35	20	8	63095	658	1419	883	292	3	30	6650	357	705	100	40884	360	95
113186	158	337	272	117	95	37	20	8	63218	661	1424	880	121	0	28	7094	334	702	100	39544	360	101
113105	144	324	272	102	89	34	22	4	63349	662	1426	876	277	1	37	6821	318	669	100	68482	360	81
113017	135	322	247	89	90	34	21	4	63476	665	1433	907	253	1	44	6788	329	609	100	67913	360	83
112929	132	308	240	87	85	36	20	4	63592	665	1435	899	261	2	25	7736	319	589	100	40930	360	87
112866	121	297	243	82	83	36	18	5	63677	666	1439	863	254	1	22	6423	288	592	100	41030	360	61
112795	118	267	240	71	89	34	19	5	63782	666	1447	883	291	1	31	8082	298	540	100	40419	360	66
112712	127	248	244	78	75	33	20	5	63872	668	1451	860	282	3	22	8334	296	529	100	41439	360	80
112629	124	259	222	67	65	32	18	8	63983	669	1457	883	118	1	16	8196	260	527	100	41129	360	80
112571	103	253	216	70	72	30	17	9	64060	669	1463	881	116	1	20	6683	248	513	100	68650	360	52
112521	92	225	204	74	72	26	16	9	64158	670	1466	905	275	0	27	6598	243	466	100	67889	360	47
112463	90	223	211	63	63	27	14	8	64231	673	1467	869	287	0	12	6533	230	461	100	40344	360	58
112417	84	204	195	53	61	24	15	6	64328	673	1473	855	112	0	20	7777	214	422	100	39556	360	43
112362	77	202	189	49	70	23	13	5	64393	674	1476	872	103	2	13	6723	201	422	100	40780	360	53
112304	74	191	183	49	65	25	11	4	64468	677	1482	868	287	0	15	6621	192	406	100	39722	360	51
112256	70	159	192	52	66	26	9	4	64527	679	1493	819	116	1	12	6455	190	384	100	39620	360	40
112208	64	156	173	49	69	23	9	4	64600	679	1499	832	278	2	17	4339	178	365	100	67595	360	45
112170	60	143	166	40	63	23	8	5	64672	679	1504	846	101	0	20	4227	165	338	100	66485	360	36
112129	60	131	162	40	50	24	6	5	64737	680	1509	848	111	0	12	5229	153	320	100	38294	360	38
112077	67	124	142	36	49	23	7	4	64806	680	1518	865	113	0	11	5158	142	306	100	38037	360	44
112039	65	128	117	33	44	22	7	4	64873	680	1521	850	97	1	12	4520	128	288	100	38316	360	36
112000	66	138	104	28	41	19	8	4	64918	680	1527	850	108	0	7	5131	125	279	100	37655	360	35
111968	67	121	119	28	33	18	7	4	64957	682	1529	855	250	1	9	3777	117	276	100	38105	360	30
111938	62	116	106	26	33	16	6	1	65010	683	1536	847	178	3	8	3997	112	253	100	65841	360	27
111913	49	113	99	29	35	17	5	1	65045	684	1543	877	105	0	9	4614	106	241	100	66376	360	21
111875	43	106	95	38	29	14	6	1	65090	684	1552	851	274	0	13	4892	105	226	100	37858	360	32
111849	46	97	92	31	28	15	5	1	65132	684	1553	831	117	0	8	4949	98	216	100	38238	360	25
111826	40	89	92	30	29	12	4	1	65168	685	1557	824	106	0	7	4372	98	198	100	38148	360	21
111805	36	85	92	24	24	12	4	1	65207	686	1557	834	97	0	6	3912	83	194	100	37382	360	21
111783	32	83	79	23	26	12	5	1	65244	686	1559	849	126	0	8	3943	77	183	100	37239	360	21
111766	22	80	77	20	22	11	5	1	65279	686	1564	813	235	1	11	3911	78	159	100	65859	360	13
111752	17	73	69	27	23	12	5	1	65296	686	1572	819	101	0	10	3356	83	143	100	66355	360	12
111734	22	59	68	26	19	13	4	1	65322	688	1577	836	111	1	9	4983	83	128	100	37872	360	14
111713	28	55	57	22	18	14	4	1	65349	688	1584	854	106	1	5	4506	78	120	100	38108	360	18
111699	29	37	62	21	20	10	4	1	65373	688	1589	830	116	0	3	4426	72	111	100	37617	360	11
111683	22	41	49	18	15	8	4	2	65411	688	1592	853	163	1	6	3425	64	93	100	37602	360	13
111669	18	39	45	15	12	9	4	2	65433	688	1599	855	100	0	2	3427	52	90	100	36457	360	11
111656	20	35	38	14	10	9	4	2	65452	688	1605	866	104	0	4	3386	51	79	100	65737	360	8
111644	14	33	37	17	8	7	5	2	65468	688	1610	835	96	0	2	3318	45	76	100	65430	360	7
111630	17	25	35	17	7	6	5	2	65487	688	1614	829	115	0	2	3274	40	72	100	36262	360	11
111617	18	26	29	15	8	6	5	2	65497	688	1622	851	121	1	6	3573	37	70	100	36693	360	7
111609	14	30	25	13	6	6	5	2	65508	688	1627	877	119	0	4	3595	33	66	100	36630	360	5
111595	14	29	26	13	6	5	5	2	65517	689	1632	876	110	0	2	1815	29	69	100	36509	360	11
111584	13	31	21	12	7	5	4	3	65526	689	1638	851	106	0	4	2204	32	61	100	35470	360	6
111569	11	29	22	13	11	6	4	3	65532	689	1644	870	114	2	1	2254	34	62	100	64681	360	9
111553	15	29	18	13	10	6	4	3	65543	689	1650	866	277	0	6	2219	39	56	100	64326	360	12
111541	11	29	19	12	9	6	4	3	65553	689	1657	861	248	1	2	2231	37	53	100	35253	360	7
111528	13	25	22	11	7	6	5	3	65564	689	1660	873	303	0	2	2201	33	56	100	35280	360	10
111516	15	27	19	11	4	6	5	2	65572	689	1667	827	101	0	4	2280	34	53	100	35445	360	7
111508	15	22	18	10	3	4	5	2	65584	689	1673	819	97	0	1	2300	27	50	100	35614	360	4
111499	14	21	18	7	5	4	5	2	65591	689	1678	842	123	0	3	1316	30	44	100	35367	360	6
111491	11	18	19	9	4	2	5	2	65599	690	1683	854	117	0	2	798	25	43	100	64202	360	5
111485	9	19	16	8	4	2	4	2	65608	691	1685	839	280	0	4	764	25	37	100	63997	360	5
111477	8	16	17	8	3	1	4	2	65616	691	1690	854	98	0	0	1866	19	38	100	35441	360	4
111470	8	18	17	7	3	1	4	2	65618	691	1694	835	122	0	2	1846	22	36	100	34844	360	4
111464	7	20	17	3	3	1	3	1	65624	692	1698	850	105	0	1	1802	15	39	100	34617	360	4
111456	8	21	14	3	3	1	1	1	65630	694	1701	853	108	0	0	1800	12	39	100	34995	360	6
111441	14	17	17	4	4	1	1	1	65632	694	1707	871	117	0	1	1791	11	47	100	34865	360	10
111436	13	18	13	7	4	0	1	1	65636	694	1710	848	118	0	1	1692	11	45	100	64169	360	4
111428	9	20	15	8	3	0	1	1	65639	694	1715	837	113	0	1	1719	12	44	100	64918	360	5
111415	10	23	11	5	2	0	1	1	65648	694	1723	798	116	0	1	1707	9	43	100	34806	360	6
111412	9	15	14	6	4	0	1	1	65650	694	1727	832	117	0	2	1732	12	37	100	34503	360	2
111404	11	13	13	7	5	1	0	1	65653	695	1730	812	122	0	1	146	11	39	100	34752	360	6
111399	8	13	14	9	4	2	0	0	65657	695	1732	854	112	0	1	606	11	39	100	33076	360	4
111393	10	12	10	10	3	2	0	0	65664	695	1734	835	121	0	6	1086	18	29	100	34055	360	5
111387	8	15	8	9	1	2	0	0	65671	695	1737	851	103	0	1	1107	18	25	100	63967	360	3
111378	7	14	10	8	2	2	0	0	65671	695	1746	820	109	0	1	1116	17	26	100	64253	360	4
111371	3	15	10	8	2	2	0	0	65674	695	1753	818	124	0	2	1594	17	23	100	34946	360	1
111366	4	13	11	7	1	2	1	0	65675	695	1758	811	103	0	2	1565	17	22	100	34712	360	2
111360	5	12	11	4	1	1	0	1	65682	695	1761	818	295	0	1	1561	11	23	100	34717	360	4
111356	3	11	9	6	2	1	0	1	65682	695	1767	841	112	0	0	1562	11	21	100	34646	360	1
111350	3	10	8	6	2	1	0	1	65686	695	1771	878	108	0	2	1530	12	18	100	34531	360	2
111345	1	9	12	5	2	1	0	0	65686	695	1777	862	119	0	0	1521	10	20	100	64331	360	2
111338	3	9	10	5	3	1	0	0	65689	695	1780	834	120	0	1	1050	11	20	100	64536	360	4
111329	6	7	11	2	2	1	0	0	65691	695	1789	825	120	0	2	560	10	19	100	34125	360	4
111321	6	7	12	0	2	2	0	0	65690	695	1798	800	126	0	0	558	10	19	100	33601	360	4
111314	7	10	10	1	2	2	0	0	65691	695	1801	768	105	0	1	82	11	21	100	33400	360	5
111310	7	11	8	2	3	2	0	0	65693	695	1802	803	106	0	0	76	8	25	100	33064	360	4
111307	7	7	12	3	2	2	0	0	65693	695	1805	820	110	0	2	77	8	25	100	33394	360	3
111300	6	6	9	1	3	2	0	0	65701	695	1810	789	117	0	0	78	8	19	100	63171	360	2
111300	3	5	8	2	2	2	0	0	65705	695	1811	818	102	0	1	84	7	15	100	63351	360	0
111293	0	4	10	3	2	2	0	0	65702	695	1822	808	121	0	0	44	6	15	100	33293	360	0
111286	2	6	8	2	0	3	0	0	65705	695	1826	814	122	0	2	49	6	15	100	33010	360	4
111283	2	5	8	1	1	3	0	0	65704	695	1831	870	100	0	1	49	6	14	100	32933	360	1
111280	2	5	10	1	1	2	0	0	65704	695	1833	865	114	0	1	1163	6	15	100	33315	360	2
111273	4	6	10	1	1	1	0	0	65706	695	1836	826	109	0	0	1187	5	18	100	34272	360	5
111268	4	8	8	0	0	1	0	0	65707	695	1842	842	108	0	0	1186	3	18	100	63988	360	2
111266	1	11	3	0	0	1	0	0	65710	695	1846	837	91	0	0	1186	3	13	100	64510	360	0
111260	1	9	6	0	1	0	0	0	65710	695	1851	839	117	0	0	1174	0	17	100	34385	360	2
111254	0	9	7	0	2	0	0	0	65710	695	1856	840	115	1	1	1630	2	16	100	34322	360	2
111249	0	7	6	0	4	0	0	0	65710	695	1862	819	105	0	0	1648	3	14	100	34643	360	1
111243	0	8	5	0	4	0	0	0	65709	695	1869	830	114	0	2	1680	6	11	100	34845	360	2
111240	0	4	5	2	2	0	0	0	65708	695	1877	808	119	0	1	1677	7	6	100	34578	360	0
111233	1	2	5	2	1	0	0	0	65706	695	1888	815	112	0	0	1672	5	6	100	64257	360	1
111232	1	2	4	1	1	0	0	0	65706	695	1891	820	112	0	2	526	6	3	100	63958	360	0
111232	1	2	4	1	1	0	0	0	65704	695	1893	825	113	0	0	527	6	3	100	33553	360	0
111231	1	1	4	1	1	0	0	0	65704	695	1895	829	112	0	0	527	5	3	100	33567	360	0
111225	1	0	4	1	1	0	0	0	65703	695	1903	813	98	0	0	528	5	2	100	33717	360	0
111219	2	1	4	1	1	0	0	0	65701	695	1909	808	115	0	0	528	6	3	100	33511	360	2
111213	2	0	5	0	1	0	0	0	65702	695	1915	807	111	0	0	55	3	5	100	33595	360	0
111210	2	0	5	0	1	0	0	0	65701	695	1919	829	119	0	0	24	2	6	100	63163	360	0
