S	E	I1	I2	I3	I4	I5_h	I6_h	R_h	R	D1	D2	H	T	P1	P2	Q	QT	NQ	MUT	HOM	VAC	NI
178896	120	119	45	38	47	11	4	0	252	1	0	239	0	0	0	63	63	321	0	179532	0	0
178835	88	176	47	44	46	11	5	0	278	1	2	389	369	1	76	642	68	349	0	17839	0	59
178763	93	195	58	42	46	10	6	0	314	1	5	453	259	2	11	964	70	380	0	18347	0	69
178691	110	193	78	46	42	11	6	0	346	1	9	544	298	1	19	1852	94	392	0	19279	0	68
178595	114	224	82	52	57	12	6	0	377	1	13	612	109	1	13	1900	118	429	0	19683	0	92
178500	136	219	103	55	63	12	6	0	421	1	17	656	335	1	21	2227	143	451	0	20793	0	90
178437	125	222	112	61	66	14	7	0	470	1	18	677	261	0	21	2664	154	453	0	43137	0	62
178361	115	237	130	55	72	14	6	0	518	2	23	741	310	1	25	3310	176	453	0	43721	0	71
178264	125	250	121	78	61	15	5	1	583	2	28	749	277	0	16	3961	192	463	0	21848	0	92
178153	139	263	136	74	69	16	6	0	639	2	36	813	361	5	24	4087	218	485	0	21867	0	102
178027	158	276	144	80	76	19	7	1	702	2	41	858	257	3	20	4145	231	529	0	22153	0	121
177938	153	287	140	84	84	22	7	1	765	3	49	846	320	4	25	4160	259	518	0	22307	0	80
177828	167	283	162	88	72	25	9	1	839	3	56	889	97	1	22	4060	271	535	0	23151	0	103
177752	147	296	177	85	69	25	9	1	907	4	61	889	266	0	23	3887	268	540	0	44730	0	71
177672	130	296	178	94	72	24	10	1	988	4	64	907	272	0	25	4230	280	524	0	44964	0	75
177552	137	314	161	107	76	23	9	1	1078	5	70	882	115	1	35	3701	295	532	0	22431	0	114
177455	147	296	172	103	87	23	10	1	1158	5	76	888	179	2	30	3305	298	540	0	21787	0	90
177330	162	307	189	101	86	22	11	1	1235	5	84	875	132	3	30	4806	304	574	0	21495	0	116
177207	181	309	179	109	94	24	11	0	1327	5	87	881	286	1	22	5181	309	598	0	23237	0	119
177089	176	332	187	103	87	26	13	0	1422	5	93	908	271	2	36	6059	318	606	0	24168	0	112
176984	162	340	203	96	94	25	16	0	1510	6	97	910	108	0	32	6190	318	618	0	46156	0	101
176888	147	328	216	107	85	26	17	0	1608	7	104	896	123	1	34	5613	322	604	0	46584	0	89
176764	162	336	218	101	84	23	16	0	1711	8	110	886	268	0	31	5280	344	596	0	23805	0	118
176634	170	341	216	104	89	25	17	0	1810	8	119	865	253	1	23	5742	347	615	0	23838	0	122
176495	205	318	220	115	100	29	14	0	1902	11	124	906	250	2	27	6181	336	665	0	24032	0	134
176352	211	349	236	109	95	28	14	1	1998	12	128	876	271	3	33	6580	343	699	0	24156	0	138
176205	224	371	230	115	97	28	13	2	2104	13	131	893	279	3	35	6826	347	731	0	25609	0	144
176073	211	395	230	119	97	31	18	2	2210	13	134	897	109	1	28	4525	346	755	0	46937	0	129
175924	211	417	232	114	111	33	16	2	2316	15	142	865	276	5	36	4696	364	770	0	45132	0	140
175737	219	449	249	113	121	34	16	2	2429	15	149	853	346	1	34	5503	383	818	0	24662	0	180
175555	254	459	264	108	135	32	17	2	2538	15	154	840	267	2	38	5653	408	861	0	23685	0	176
175392	258	472	280	111	138	34	19	2	2650	16	161	836	273	1	40	5583	431	881	0	23766	0	155
175202	267	510	271	110	135	34	19	3	2795	17	170	858	287	2	43	5584	431	915	0	23755	0	180
175003	260	568	264	119	149	35	20	4	2920	18	173	871	269	2	47	5192	437	978	0	24691	0	195
174828	256	565	290	120	162	41	23	4	3044	19	181	850	138	1	57	5167	470	987	0	45848	0	168
174653	260	562	314	139	158	44	23	5	3173	19	183	831	360	0	43	6169	478	1022	0	46608	0	173
174450	280	573	310	148	179	44	23	5	3310	21	190	851	292	0	50	6093	481	1076	0	24270	0	195
174223	302	578	339	149	192	45	21	5	3463	22	194	830	273	1	44	7189	499	1127	0	24483	0	222
173977	313	620	354	162	198	48	22	6	3612	23	198	861	292	9	56	5931	551	1166	0	25075	0	242
173712	357	649	356	176	189	52	23	6	3785	24	204	866	169	0	62	7630	587	1215	0	24046	0	259
173462	385	672	367	177	194	57	26	4	3954	24	211	846	312	2	70	8643	612	1266	0	26989	0	243
173241	376	678	388	191	192	61	25	6	4130	25	220	857	280	5	57	8729	613	1298	0	47758	0	211
173006	362	699	406	182	208	63	26	5	4318	27	231	860	275	5	57	9809	603	1343	0	49177	0	222
172695	374	780	416	182	214	56	27	3	4518	30	238	856	285	3	64	10826	646	1403	0	29112	0	303
172418	396	818	417	203	216	58	28	3	4704	31	241	849	310	2	61	9660	652	1484	0	29088	0	271
172129	412	842	439	218	229	67	27	4	4891	32	243	862	328	8	70	9852	703	1531	0	27947	0	286
171795	448	858	495	226	231	69	29	3	5095	34	250	876	261	7	60	10060	727	1629	0	27791	0	328
171462	483	871	503	244	236	70	27	4	5337	37	259	891	312	8	71	9368	752	1682	0	28915	0	323
171224	430	900	497	267	229	74	28	4	5578	38	264	882	290	4	70	8802	738	1687	0	48553	0	231
170975	385	896	536	271	227	80	24	6	5821	42	270	859	300	2	80	7574	742	1677	0	49094	0	242
170643	420	896	556	285	244	83	28	5	6053	43	277	867	326	8	85	8534	785	1727	0	45670	0	323
170361	444	892	531	273	235	79	27	4	6359	45	283	862	351	4	79	7904	783	1698	0	45531	0	274
170053	447	909	532	276	249	79	28	5	6620	47	288	848	157	3	75	8418	780	1740	0	45212	0	301
169752	451	921	524	279	268	73	26	7	6889	50	293	838	273	7	96	9480	816	1726	0	45371	0	293
169436	468	910	555	288	267	76	27	8	7151	50	297	814	287	2	79	11163	860	1731	0	47028	0	311
169183	456	880	553	289	269	79	33	9	7425	50	307	801	276	8	95	11395	903	1656	0	79219	0	239
168968	413	887	532	277	264	74	34	8	7710	53	313	816	296	5	78	11338	893	1588	0	79890	0	210
168662	414	871	553	274	287	77	38	9	7976	53	319	843	351	4	79	11868	926	1588	0	48376	0	298
168349	432	880	567	278	287	79	39	8	8234	54	326	849	268	6	83	11936	971	1591	0	48840	0	305
168024	450	910	549	271	284	79	37	7	8534	57	331	850	277	5	75	10900	945	1635	0	48404	0	318
167732	450	913	565	265	267	77	34	9	8824	59	338	834	284	5	84	10753	942	1629	0	47062	0	285
167449	455	908	579	258	274	86	37	10	9073	61	343	845	291	3	68	10542	963	1634	0	47691	0	279
167206	430	887	584	264	258	88	39	10	9353	63	351	837	325	5	85	9227	931	1619	0	78902	0	235
166982	380	875	583	269	270	89	40	6	9617	65	357	808	315	0	84	7315	941	1565	0	78676	0	219
166739	392	814	585	287	259	85	41	7	9895	67	362	822	258	2	70	8896	922	1541	0	45597	0	234
166479	392	792	563	304	265	81	42	8	10170	71	366	817	291	4	74	9646	898	1541	0	46502	0	256
166198	405	808	533	300	249	80	49	6	10463	72	370	840	253	5	69	9158	858	1566	0	46407	0	274
165918	417	821	538	280	255	79	54	4	10718	73	376	861	268	3	82	9668	872	1572	0	45832	0	272
165649	446	794	525	291	239	79	52	6	10989	77	386	816	301	7	87	9874	877	1549	0	46591	0	261
165419	408	807	536	278	250	83	50	8	11226	79	389	806	300	4	71	10715	883	1529	0	79040	0	226
165207	343	822	535	283	252	81	51	9	11471	83	396	821	142	7	70	10786	876	1491	0	79716	0	201
164941	350	800	541	286	263	85	51	10	11715	88	403	837	291	5	71	11955	884	1492	0	47769	0	259
164684	351	816	516	266	256	85	56	11	11996	89	407	858	269	6	83	11946	897	1449	0	48683	0	251
164438	372	802	515	246	255	97	55	10	12244	91	408	814	283	8	85	10294	886	1456	0	48439	0	242
164218	359	773	504	258	260	95	52	11	12497	96	410	819	280	2	73	10038	879	1422	0	47136	0	217
163981	367	755	498	246	263	92	54	12	12755	97	413	824	297	1	94	11265	887	1388	0	47156	0	230
163785	323	746	515	254	252	90	55	9	12982	100	422	848	262	3	81	11217	880	1355	0	79425	0	183
163571	319	731	496	265	249	92	53	10	13218	104	425	861	271	3	75	10549	862	1343	0	79774	0	211
163326	332	729	491	251	230	96	55	9	13475	108	431	867	337	5	55	9001	806	1378	0	47320	0	239
163105	338	698	510	238	242	93	50	9	13696	115	439	855	168	2	66	8829	804	1365	0	46092	0	214
162873	342	696	502	236	224	93	51	10	13945	116	445	884	343	7	70	10004	807	1337	0	46274	0	226
162655	332	710	507	230	219	92	53	8	14158	119	450	839	264	4	68	9150	809	1334	0	46781	0	212
162418	360	692	498	224	232	91	52	6	14385	122	453	812	260	4	56	9555	803	1346	0	46013	0	232
162238	340	652	495	228	231	89	52	6	14617	124	461	781	360	8	74	9413	785	1302	0	77753	0	173
162042	304	677	476	222	234	80	46	10	14849	127	466	817	275	2	63	8174	748	1291	0	78879	0	191
161831	285	697	470	234	234	81	41	11	15052	129	468	831	261	3	62	8425	757	1285	0	45038	0	209
161608	316	675	443	232	219	78	34	12	15303	137	476	813	275	5	64	9872	743	1254	0	46366	0	218
161389	319	662	448	233	234	79	32	9	15513	139	476	823	267	4	65	10289	734	1273	0	47459	0	217
161152	311	692	439	235	228	79	32	8	15734	142	481	805	347	6	67	9738	740	1276	0	47167	0	231
160940	308	686	423	222	244	86	36	8	15947	145	488	809	245	3	54	9680	752	1253	0	46673	0	204
160758	280	668	434	216	241	86	32	8	16168	151	491	819	336	5	72	8607	729	1228	0	78523	0	180
160596	283	599	438	218	233	84	31	10	16392	154	495	827	281	5	78	9304	745	1141	0	78565	0	159
160420	276	603	431	216	192	84	32	11	16614	157	497	822	284	8	59	9354	738	1096	0	46896	0	174
160261	260	581	429	204	202	78	31	9	16817	160	501	824	295	3	47	8675	727	1058	0	78400	0	154
160102	248	567	412	212	201	76	33	7	17006	163	506	822	254	4	54	8557	720	1029	0	77921	0	154
159960	241	528	394	208	196	81	32	8	17208	167	510	829	192	2	52	7763	679	1001	0	78585	0	134
159856	206	493	376	193	183	79	32	9	17422	168	516	854	295	3	70	6305	672	890	0	77530	0	99
159751	167	457	362	192	184	79	32	10	17611	169	519	885	100	3	45	7230	672	801	0	76831	0	102
159651	159	418	346	178	160	88	33	10	17793	170	527	873	285	6	48	7619	640	742	0	77530	0	94
159511	169	412	318	168	160	84	31	11	17965	173	531	883	273	2	40	7225	589	753	0	44482	0	135
159404	166	395	292	148	140	85	30	9	18155	175	534	867	241	2	41	6918	535	721	0	44479	0	104
159305	156	377	297	148	140	83	32	10	18272	175	538	813	246	1	39	6341	522	711	0	77158	360	95
159228	140	336	299	142	134	85	31	8	18411	178	541	839	279	3	36	7274	507	660	0	68400	360	75
159145	139	310	274	121	123	82	31	9	18573	180	546	812	272	3	33	8143	472	608	0	69261	360	79
159055	136	298	244	115	125	76	32	10	18705	181	556	831	154	1	36	7480	452	574	0	69208	360	81
158972	130	293	228	110	110	67	30	9	18839	183	562	840	116	1	33	7945	428	540	0	69272	360	79
158893	128	267	219	99	101	64	31	9	18967	186	569	839	281	3	31	7127	384	525	0	41519	360	72
158806	128	279	200	94	89	59	31	8	19080	187	572	875	287	2	21	6557	345	535	0	40299	360	85
158717	116	286	188	91	86	61	29	12	19179	188	580	842	276	3	22	6482	313	544	0	39732	360	81
158611	138	285	192	87	74	57	28	10	19277	191	583	813	246	0	20	5783	280	581	0	39488	360	104
158523	143	258	199	88	79	58	25	10	19367	194	589	828	186	0	31	5394	279	571	0	39129	360	83
158439	132	280	184	83	72	54	25	11	19464	196	593	847	121	0	37	4413	264	566	1	67054	360	65
158342	139	284	166	92	79	54	21	11	19547	200	598	863	129	3	22	3908	269	566	4	67050	360	73
158223	154	283	185	92	83	46	20	12	19627	200	608	864	297	2	23	3398	260	603	6	37080	360	96
158109	165	294	195	86	76	45	20	11	19718	202	612	872	301	1	34	3419	264	617	9	36726	360	89
157989	175	309	192	88	80	39	20	11	19808	202	620	836	124	2	24	3464	259	644	12	37082	360	97
157845	191	361	194	83	80	37	17	10	19886	205	624	859	274	1	27	3856	272	691	15	37045	360	120
157712	186	390	211	86	81	38	15	8	19968	209	629	838	322	3	25	4006	275	732	17	37665	360	129
157590	184	383	221	97	87	34	14	10	20066	211	636	861	275	0	23	3898	277	743	18	66496	360	115
157468	199	373	227	95	94	31	13	10	20170	212	641	893	105	1	34	4448	305	727	19	66297	360	116
157352	192	380	231	97	104	30	14	8	20268	212	645	888	268	5	31	4531	310	738	21	37964	360	113
157204	196	393	234	110	104	31	17	9	20373	212	650	873	276	3	38	4512	322	763	23	37938	360	140
157048	223	384	253	111	105	30	19	9	20481	212	658	814	132	4	31	5114	330	795	24	37878	360	150
156904	223	398	242	107	108	31	17	11	20613	213	666	846	272	2	34	6088	343	783	27	38391	360	137
156788	199	397	243	121	111	31	18	11	20730	213	671	860	98	0	26	6344	351	769	28	40511	360	112
156686	174	387	240	126	108	33	20	8	20859	214	678	867	311	5	36	5910	362	726	30	68155	360	97
156568	176	380	243	124	121	33	23	7	20962	214	682	859	275	1	51	5963	406	694	32	68093	360	117
156437	174	380	233	132	118	33	25	6	21092	214	689	882	280	2	38	6408	422	673	33	39229	360	125
156290	185	388	231	144	116	38	25	5	21202	215	694	875	291	7	39	6831	441	686	36	40451	360	142
156148	188	382	249	131	125	37	27	5	21325	216	700	871	123	1	39	7589	463	676	39	40191	360	135
156005	195	393	255	122	114	45	30	4	21446	216	708	872	321	2	41	8434	470	684	41	41176	360	135
155837	210	415	252	129	106	47	28	3	21572	219	715	895	296	6	34	7996	475	712	41	41434	360	161
155731	195	403	256	122	121	43	28	2	21688	219	725	888	275	1	37	7472	458	710	43	69069	360	100
155605	190	412	244	128	117	41	29	3	21813	221	730	892	242	1	32	5297	448	713	44	68693	360	119
155450	207	408	250	141	123	42	26	5	21923	222	736	892	273	1	42	6704	481	716	46	39013	360	149
155319	201	426	258	143	115	38	24	5	22036	225	743	915	120	1	29	8036	498	707	47	40607	360	126
155157	210	457	257	120	125	40	27	5	22162	225	748	943	264	1	29	8006	480	756	50	41236	360	157
155017	216	436	276	129	139	38	26	4	22270	226	756	926	276	4	39	7920	495	765	51	41634	360	134
154841	232	456	277	119	146	39	25	4	22406	228	760	920	120	2	37	7545	478	816	53	41043	360	170
154712	230	447	274	121	138	41	24	3	22550	231	762	906	259	1	38	6424	455	820	54	68631	360	127
154587	217	451	278	119	142	40	24	3	22671	232	769	898	289	2	45	5848	451	820	55	68012	360	119
154418	209	493	278	124	142	38	20	5	22799	234	773	896	304	2	40	7203	468	836	57	40229	360	167
154224	248	486	281	143	156	38	17	5	22923	235	777	896	285	3	34	7768	482	887	59	40555	360	188
154064	264	463	281	148	167	41	17	6	23063	237	782	888	276	5	38	8262	486	895	61	41296	360	155
153875	286	468	292	159	163	41	20	5	23201	238	785	901	327	5	49	6392	503	926	63	41020	360	185
153694	270	516	279	163	156	42	18	4	23358	242	791	885	328	0	50	5920	517	927	64	39604	360	175
153509	286	543	289	162	158	40	15	8	23480	243	800	862	103	1	41	6262	530	963	66	67842	360	176
153356	263	548	304	167	142	41	14	8	23640	246	804	876	258	2	37	6834	500	979	67	68850	360	148
153137	287	570	316	175	154	42	13	7	23777	249	806	871	269	3	40	7971	510	1047	67	40955	360	217
152921	308	578	333	169	146	38	13	7	23959	249	812	861	103	1	54	8695	506	1079	69	41653	360	209
152691	312	634	340	170	150	40	16	7	24107	249	817	833	272	2	49	8366	510	1152	70	42088	360	226
152443	355	631	379	188	160	39	16	7	24246	249	820	812	299	3	54	8273	550	1218	71	41967	360	245
152195	378	654	371	184	179	47	23	7	24419	249	827	855	102	2	43	8518	549	1287	72	41879	360	241
151983	378	681	374	171	184	45	26	6	24604	249	832	835	276	4	62	8569	557	1302	74	69516	360	207
151761	345	737	364	167	215	47	29	6	24774	252	836	829	373	5	65	9132	618	1286	75	69637	360	219
151497	387	737	381	164	226	58	27	5	24953	257	841	870	284	3	68	8765	658	1322	77	42967	360	259
151239	401	761	383	178	241	61	27	3	25136	259	844	883	278	6	80	8023	719	1333	78	42294	360	255
150973	398	777	388	192	264	60	29	3	25336	260	853	821	290	5	69	8638	766	1342	79	41217	360	257
150702	405	799	420	202	254	58	31	3	25543	261	855	852	353	3	68	9083	771	1398	81	42637	360	270
150397	424	838	432	225	265	56	28	3	25739	266	860	867	357	5	63	8843	770	1498	83	42250	360	296
150118	435	829	477	251	247	60	28	2	25952	270	864	869	374	1	81	8554	804	1523	84	69613	360	275
149874	424	830	487	257	238	64	28	1	26191	272	867	857	316	5	75	8810	830	1498	84	69782	360	238
149570	422	879	492	258	263	63	29	2	26404	275	876	881	307	2	75	9933	884	1522	85	43322	360	293
149222	450	912	528	253	267	69	31	3	26639	279	880	848	279	4	78	11096	927	1583	86	43277	360	344
148889	471	941	545	263	285	69	35	2	26867	280	886	857	271	4	83	11709	969	1640	86	44618	360	327
148559	498	949	567	282	303	65	31	3	27104	284	888	858	271	9	81	11776	981	1714	86	44514	360	328
148194	544	988	568	276	316	71	31	2	27365	286	892	872	292	7	88	12527	1027	1767	87	45019	360	360
147945	493	974	584	285	323	80	32	3	27627	288	899	866	267	3	70	9964	989	1782	88	79688	360	245
147667	443	1005	587	280	316	88	33	3	27917	292	902	855	288	4	97	10096	1007	1745	88	78635	360	276
147305	485	1021	600	281	296	88	37	5	28216	293	906	860	274	4	76	11516	997	1811	89	47520	360	357
146898	581	992	615	282	326	88	34	4	28509	298	906	877	311	4	76	12178	1011	1907	90	48850	360	404
146557	570	999	624	295	327	94	34	5	28814	299	915	844	341	4	104	10804	1042	1901	90	48804	360	331
146180	559	1105	642	302	312	93	37	3	29077	301	922	875	210	2	74	11318	1036	2014	91	47624	360	371
145771	565	1176	656	307	305	97	39	2	29381	305	929	872	132	5	99	10286	1074	2071	92	48208	360	399
145432	556	1156	661	310	316	104	42	3	29713	307	933	873	296	5	76	10422	1062	2083	92	78302	360	329
145118	519	1112	710	324	333	103	46	3	30018	308	939	879	308	4	103	10473	1087	2060	93	79583	360	310
144698	563	1116	735	330	350	105	50	3	30330	311	942	909	278	3	84	10539	1102	2147	94	47851	360	417
144275	605	1129	726	335	359	107	55	4	30681	311	946	922	336	7	102	10863	1109	2207	94	47171	360	417
143872	611	1153	739	342	359	108	58	4	31020	316	951	964	302	2	112	10414	1138	2232	94	47378	360	396
143446	629	1223	739	343	359	106	61	3	31347	318	959	947	283	4	100	10316	1167	2293	95	48210	360	416
142992	663	1288	750	348	351	108	65	4	31677	320	967	885	306	6	103	11813	1205	2368	95	47042	360	448
142619	656	1253	757	355	374	108	66	4	32045	327	969	927	270	5	106	11846	1196	2373	95	80009	360	367
142264	586	1288	759	363	382	106	65	4	32413	329	974	933	306	5	130	11678	1272	2277	95	72182	360	349
141813	622	1300	786	367	386	108	67	4	32769	334	977	914	301	6	108	12037	1294	2342	95	45361	360	449
141362	677	1321	789	378	366	104	69	4	33145	338	980	896	262	7	124	12125	1327	2377	95	45392	360	447
140883	694	1341	836	364	390	105	78	2	33515	339	986	843	355	5	106	12107	1349	2459	96	45206	360	468
140393	710	1408	859	371	404	107	77	4	33863	343	994	854	257	9	109	12696	1368	2568	96	45025	360	480
139915	724	1436	880	372	406	122	77	5	34253	348	995	839	281	8	113	13752	1391	2626	96	46005	360	475
139488	709	1453	898	369	406	122	77	4	34654	354	999	863	334	6	120	12934	1402	2632	97	72660	360	422
139093	665	1417	923	377	422	124	79	5	35067	358	1003	859	320	5	110	12537	1390	2617	97	72325	360	390
138571	674	1481	928	381	419	129	74	5	35500	366	1005	828	268	12	134	12248	1416	2670	97	46096	360	518
138055	743	1507	920	394	423	135	76	6	35897	370	1007	859	346	8	111	12463	1438	2760	97	45755	360	511
137496	788	1520	965	393	436	137	77	8	36323	376	1014	858	342	6	126	12934	1414	2902	97	45769	360	555
136972	826	1526	1016	416	440	146	73	9	36713	381	1015	852	305	12	139	12336	1474	2969	97	45793	360	519
136399	835	1601	1037	434	434	142	73	11	37164	385	1018	865	296	5	149	12444	1499	3057	98	45408	360	569
135925	824	1565	1083	471	438	150	70	12	37582	391	1022	858	325	14	126	12014	1561	3040	98	71668	360	468
135505	736	1565	1097	462	437	149	67	14	38075	398	1028	846	354	5	107	14530	1594	2919	98	73746	360	409
134942	764	1607	1077	459	475	148	66	14	38542	405	1034	852	330	7	139	14292	1603	2993	98	47177	360	557
134381	816	1577	1125	451	478	146	64	11	39027	416	1041	859	276	9	157	14078	1633	3024	98	47121	360	555
133847	819	1603	1105	456	476	143	71	12	39537	419	1045	859	326	7	147	14001	1628	3045	98	46860	360	522
133244	850	1657	1077	475	466	146	68	14	40060	425	1051	871	334	8	154	14324	1634	3105	98	47159	360	595
132643	876	1684	1081	500	492	145	71	14	40544	429	1054	852	272	4	154	15417	1733	3116	98	47966	360	598
132151	841	1711	1115	481	481	146	73	12	41030	433	1059	835	338	3	165	14783	1772	3076	99	73654	360	483
131748	763	1654	1114	484	500	142	78	11	41540	435	1064	819	329	5	151	15157	1785	2950	99	74362	360	396
131188	765	1722	1102	472	494	143	79	7	42056	437	1068	815	365	11	146	16029	1806	2971	99	48624	360	554
130620	808	1706	1106	489	496	146	80	7	42556	442	1077	846	292	12	108	13050	1702	3129	99	48545	360	556
130105	773	1721	1140	506	516	147	73	11	43012	449	1080	846	347	7	144	15554	1761	3115	99	46726	360	512
129537	783	1725	1160	533	501	136	72	13	43533	454	1086	848	318	9	146	15784	1759	3151	99	48612	360	562
128951	816	1765	1128	503	521	137	69	14	44078	459	1092	828	351	7	141	15922	1755	3184	99	48184	360	582
128469	805	1680	1156	511	503	142	67	17	44612	469	1102	847	279	7	153	15456	1733	3131	99	74060	360	470
128073	741	1614	1134	518	502	139	67	19	45152	470	1104	818	272	11	173	14350	1710	3005	99	73839	360	390
127524	778	1589	1144	525	500	131	71	17	45670	474	1110	806	286	4	172	16017	1745	2993	99	48042	360	542
126966	822	1597	1151	518	496	129	76	18	46167	477	1116	863	320	10	139	15538	1732	3057	99	48965	360	549
126468	801	1608	1156	496	504	131	83	18	46667	477	1124	866	324	4	154	16602	1767	3012	99	48148	360	488
125917	826	1650	1104	487	489	132	81	19	47216	485	1127	868	291	11	139	16388	1730	3039	99	48931	360	545
125408	803	1669	1123	488	489	128	80	21	47704	489	1131	859	314	8	139	17399	1770	3010	99	49264	360	504
125011	760	1583	1143	474	487	128	78	21	48216	495	1137	832	319	4	146	14894	1719	2934	99	75128	360	393
124639	666	1532	1149	483	487	123	76	22	48716	501	1139	865	377	12	127	14399	1638	2878	99	73414	360	369
124158	658	1546	1098	469	476	130	72	23	49255	505	1143	821	309	8	148	16673	1639	2810	99	49239	360	474
123723	675	1475	1088	487	490	123	71	22	49718	510	1151	842	363	9	128	16665	1588	2821	99	49486	360	426
123294	678	1455	1066	493	458	120	73	21	50208	514	1153	830	380	8	161	16123	1564	2779	99	49014	360	425
122858	671	1424	1037	478	465	116	67	22	50714	521	1160	864	271	8	136	14863	1514	2744	99	48628	360	431
122394	706	1413	1020	487	447	114	64	20	51178	525	1165	833	340	5	131	15213	1491	2760	99	47174	360	460
122026	664	1353	1021	473	451	115	62	17	51648	531	1172	823	295	9	126	14204	1404	2735	99	73767	360	361
121677	585	1325	995	463	456	121	67	15	52120	534	1175	876	318	4	150	14005	1385	2627	99	73361	360	345
121249	605	1321	956	452	434	124	68	13	52594	537	1180	825	278	10	131	14244	1380	2580	99	47461	360	422
120834	627	1312	915	464	423	123	64	15	53032	540	1184	861	309	4	129	15572	1404	2524	99	46935	360	411
120472	587	1314	910	433	398	123	64	14	53485	545	1188	834	340	3	124	13549	1358	2471	99	47766	360	358
120105	557	1302	888	426	414	121	58	14	53902	554	1192	888	351	4	120	14057	1340	2426	99	45758	360	362
119714	558	1291	902	414	369	118	54	15	54343	561	1194	840	349	7	130	13684	1302	2404	99	46609	360	390
119393	518	1241	898	402	380	114	58	10	54758	564	1197	845	329	5	119	12906	1248	2363	99	71882	360	315
119135	455	1169	905	405	373	122	56	7	55131	572	1203	855	278	3	139	13838	1271	2214	99	72920	360	252
118836	419	1124	898	387	377	113	51	9	55532	580	1207	840	254	3	113	14158	1246	2123	99	47878	360	295
118523	456	1050	841	363	358	110	49	10	55974	585	1214	847	325	3	94	14001	1149	2078	99	47294	360	307
118233	438	1024	814	360	343	109	50	12	56341	588	1221	813	259	4	107	13406	1106	2032	99	46200	360	284
117904	439	1015	806	334	332	112	53	13	56707	590	1228	847	343	6	101	13807	1080	2011	99	46305	360	321
117629	444	976	742	327	338	112	49	13	57079	593	1231	817	259	7	99	12518	1046	1942	99	46794	360	271
117399	422	918	732	320	343	103	49	12	57408	596	1231	841	324	1	109	12382	1039	1848	99	71433	360	228
117185	376	903	724	308	323	95	51	12	57724	597	1235	842	281	7	92	11979	1019	1761	99	72206	360	208
116934	373	890	673	305	307	91	50	10	58057	602	1241	833	318	1	77	13789	992	1697	99	46724	360	246
116657	374	864	686	303	293	93	51	9	58351	605	1247	843	278	5	79	12645	946	1718	99	46252	360	269
116403	368	834	677	284	292	89	51	11	58662	609	1253	835	283	6	79	10825	926	1669	99	44993	360	248
116135	407	782	666	285	280	86	51	9	58961	613	1258	827	335	6	80	10927	883	1674	99	43205	360	262
115909	390	772	621	264	276	88	49	8	59276	618	1262	781	254	4	74	11535	827	1633	99	44342	360	222
115731	344	741	583	262	276	84	46	9	59570	622	1265	797	280	7	92	10433	806	1530	99	70849	360	177
115557	335	715	526	252	247	81	42	12	59866	626	1274	800	272	2	70	9683	775	1423	99	71032	360	171
115371	315	683	525	246	234	80	40	14	60114	630	1281	789	277	3	66	10729	747	1376	99	43033	360	184
115187	296	645	535	244	221	78	38	14	60353	634	1288	809	253	3	71	10366	736	1321	99	43732	360	181
114981	299	650	500	234	224	75	40	13	60590	634	1293	813	250	5	63	9245	731	1291	99	43247	360	202
114792	310	618	485	238	222	68	41	14	60811	637	1297	817	269	9	61	8504	733	1249	99	40886	360	186
114622	288	626	490	200	214	66	38	13	61033	643	1300	827	290	2	59	9103	695	1227	99	41624	360	166
114482	245	603	481	202	212	64	33	14	61244	647	1306	834	248	2	53	9187	657	1183	99	69485	360	135
114355	226	551	460	203	193	63	34	9	61480	650	1309	869	274	3	62	8036	602	1128	99	69586	360	126
114211	214	525	440	201	176	64	35	11	61687	651	1318	819	248	0	61	9585	604	1051	99	42399	360	138
114068	225	496	406	199	166	61	36	11	61889	653	1323	842	331	1	52	9119	565	1024	99	42294	360	141
113952	211	469	394	193	147	58	33	10	62084	656	1326	843	303	2	46	9891	537	968	99	43241	360	113
113829	203	442	398	189	116	60	28	9	62268	660	1331	846	248	1	39	9520	498	938	99	42867	360	116
113695	196	447	366	159	124	57	27	8	62457	662	1335	827	317	7	43	9603	480	896	99	43015	360	131
113615	162	424	362	137	126	59	26	9	62612	663	1338	857	103	3	34	9336	447	849	99	69591	360	77
113535	144	369	359	141	106	56	23	9	62783	665	1343	807	308	5	47	9279	437	761	100	70294	360	75
113423	139	365	328	135	103	56	18	9	62943	668	1346	853	269	1	36	8999	425	719	100	42879	360	110
113319	141	340	309	133	108	49	19	9	63085	669	1352	844	329	2	37	9363	410	689	100	42208	360	98
113220	132	341	295	126	103	48	18	10	63207	671	1362	840	287	1	25	8094	376	687	100	42030	360	93
113140	133	299	294	114	102	45	17	11	63339	672	1367	877	348	1	27	7959	352	652	100	40988	360	75
113073	115	285	266	109	99	43	16	11	63470	673	1373	879	253	3	36	6911	325	608	100	40827	360	63
113017	95	264	243	95	94	41	15	8	63611	674	1376	887	344	4	25	6430	286	561	100	67680	360	54
112954	90	239	239	85	97	42	18	8	63702	674	1385	875	216	1	28	5413	272	538	100	67655	360	58
112862	104	236	224	81	79	42	14	7	63815	676	1393	849	123	1	24	5381	255	525	100	38540	360	88
112799	113	210	229	76	68	37	15	6	63906	677	1397	870	110	0	24	5317	243	505	100	38344	360	61
112732	120	200	220	76	76	33	15	6	63971	678	1406	860	264	0	18	4748	234	506	100	38109	360	63
112668	110	206	218	75	66	28	16	4	64055	678	1409	817	123	0	25	4681	231	488	100	38121	360	63
112606	95	225	192	68	58	28	16	4	64153	678	1410	855	108	0	13	4841	203	479	100	37965	360	59
112552	91	235	172	67	47	29	14	5	64229	679	1413	829	296	0	14	4764	188	467	100	66308	360	54
112505	90	210	180	67	44	29	13	4	64293	680	1418	888	190	0	16	3521	176	457	100	66524	360	46
112439	92	202	170	62	54	28	10	5	64363	682	1426	873	274	0	19	4282	170	448	100	37518	360	60
112387	79	198	154	56	58	28	9	6	64443	682	1433	854	270	1	22	4729	177	405	100	37389	360	47
112337	70	196	146	52	60	28	6	7	64511	683	1437	850	131	1	16	5346	167	391	100	37521	360	49
112256	91	192	148	54	54	28	9	6	64572	683	1440	825	304	0	19	5484	169	407	100	38586	360	78
112209	73	192	139	65	58	25	8	5	64630	684	1445	832	258	2	9	4959	158	402	100	38547	360	43
112156	64	191	143	64	52	24	6	4	64697	686	1446	830	295	1	24	4509	171	373	100	66622	360	52
112114	63	178	149	51	51	24	5	4	64759	687	1448	878	279	1	19	5066	177	344	100	67268	360	41
112076	56	173	132	43	51	20	5	3	64831	687	1456	831	107	1	12	5703	172	308	100	38359	360	34
112024	52	150	144	45	65	19	4	4	64874	687	1465	816	269	0	13	6022	169	310	100	38860	360	44
111977	58	142	135	45	58	18	4	3	64935	687	1471	843	333	0	15	5156	175	285	100	39087	360	43
111946	52	130	118	48	52	18	3	3	65000	688	1475	860	93	0	13	4646	154	267	100	37998	360	29
111918	44	123	112	44	52	21	3	2	65047	688	1479	855	158	0	10	4597	138	261	100	37834	360	24
111893	39	110	117	39	46	20	3	1	65092	688	1485	842	155	1	17	3657	128	246	100	66442	360	21
111875	36	96	106	36	45	20	3	1	65139	688	1488	826	109	0	15	3694	144	198	100	65846	360	17
111850	32	90	85	34	39	17	3	1	65203	688	1491	836	98	0	6	4733	123	177	100	37702	360	24
111817	40	90	84	27	37	15	5	1	65235	688	1494	820	117	0	9	3508	113	185	100	37658	360	30
111793	36	84	74	34	33	15	5	1	65271	688	1499	829	104	0	7	3041	107	174	100	36576	360	19
111770	37	70	81	29	33	14	5	1	65300	688	1505	852	274	0	14	3037	110	159	100	35719	360	22
111748	36	71	66	26	30	14	6	1	65335	688	1512	881	312	2	10	3162	106	143	100	36179	360	19
111732	30	74	59	22	25	14	6	1	65365	688	1517	855	320	0	5	3390	89	141	100	65366	360	15
111720	23	67	56	30	26	13	6	1	65381	688	1522	865	88	0	3	3355	84	137	100	65958	360	9
111707	15	69	56	25	24	14	7	1	65401	688	1526	897	110	0	1	2803	69	141	100	36030	360	10
111691	16	60	58	17	17	12	5	1	65433	690	1533	900	291	0	7	3024	57	128	100	35836	360	12
111680	15	47	55	15	20	13	3	3	65450	691	1541	853	270	0	7	2030	53	115	100	36206	360	7
111662	14	51	47	14	18	14	4	3	65470	691	1545	861	270	0	5	2452	52	110	100	35113	360	14
111648	17	45	45	16	18	13	4	3	65483	691	1550	894	141	1	3	2511	52	106	100	35787	360	12
111635	14	41	39	14	16	12	4	3	65507	691	1557	850	105	0	4	2507	45	95	100	65016	360	7
111623	17	30	39	16	13	9	4	3	65528	691	1560	833	119	0	4	1858	31	97	100	65113	360	10
111609	21	28	43	11	11	8	5	2	65541	691	1563	846	94	0	6	1799	38	89	100	35550	360	13
111594	18	40	31	9	6	8	4	2	65562	692	1567	871	99	0	0	1786	33	83	100	34979	360	12
111584	14	35	33	9	10	7	5	2	65568	692	1574	826	115	0	1	1783	29	84	100	34981	360	7
111578	11	32	29	8	10	6	7	2	65580	692	1578	836	115	0	3	1793	29	74	100	34939	360	4
111563	11	37	28	6	9	5	7	2	65587	692	1586	849	112	0	8	1721	33	70	100	35115	360	11
111547	11	31	23	12	9	4	7	2	65599	692	1596	861	112	0	1	2412	34	63	100	64929	360	7
111544	8	23	28	11	9	2	6	3	65605	692	1602	834	269	0	3	1897	32	55	100	64935	360	2
111534	4	26	27	9	6	3	6	2	65616	693	1607	857	100	0	2	1977	30	51	100	35033	360	5
111526	5	20	25	11	4	2	6	2	65628	693	1611	836	107	0	5	2252	28	45	100	35195	360	6
111514	11	16	21	10	5	2	5	1	65639	694	1615	849	165	0	2	1778	23	47	100	35461	360	10
111509	11	12	19	8	3	2	5	1	65649	694	1620	873	115	0	1	1772	18	42	100	34659	360	2
111502	5	20	15	7	3	2	5	1	65653	694	1626	869	132	0	0	1777	18	39	100	34853	360	3
111497	6	20	12	5	4	1	5	1	65657	694	1631	886	106	0	0	1772	16	37	100	64519	360	3
111490	7	15	16	2	5	1	5	1	65661	694	1636	890	107	0	1	1761	13	38	100	64409	360	4
111480	6	16	16	4	5	1	4	0	65664	696	1641	896	90	0	1	576	8	44	100	34636	360	7
111476	2	17	17	5	4	1	4	0	65664	696	1647	881	123	0	4	1029	12	38	100	33789	360	2
111469	1	14	16	6	5	1	4	0	65669	696	1652	853	101	0	0	1759	11	36	100	34662	360	4
111459	5	14	17	5	4	1	5	0	65672	696	1655	839	277	0	1	1275	10	41	100	34923	360	8
111451	7	10	18	5	5	1	6	0	65675	696	1659	835	94	0	2	1260	8	44	100	34281	360	5
111446	5	14	14	5	2	1	5	0	65683	697	1661	840	95	0	3	1218	7	39	100	64013	360	3
111444	6	13	13	5	3	1	3	1	65683	698	1663	871	109	0	1	1215	7	37	100	64086	360	2
111429	6	14	12	6	3	1	2	1	65689	699	1671	856	112	0	2	1224	10	34	100	34428	360	8
111424	8	14	12	4	1	2	2	0	65694	699	1673	853	126	0	0	1228	7	36	100	34188	360	5
111422	4	14	12	3	2	2	2	0	65698	699	1675	866	118	0	1	1234	7	32	100	34368	360	1
111415	4	14	12	3	2	1	0	1	65701	700	1680	876	113	0	1	1688	8	28	100	34327	360	4
111411	4	13	14	2	2	1	0	1	65704	700	1681	862	109	0	1	518	10	26	100	34858	360	3
111401	8	9	17	1	2	1	0	1	65705	700	1688	845	99	0	0	548	8	30	100	63766	360	5
111395	6	9	11	2	2	1	0	1	65712	700	1694	876	99	1	0	544	8	23	100	63605	360	1
111391	2	15	10	1	2	1	0	1	65712	700	1698	861	110	0	0	535	8	23	100	33663	360	3
111384	6	13	11	1	3	1	0	1	65710	700	1703	833	114	1	0	522	8	27	100	33639	360	5
111381	7	11	8	1	2	1	0	1	65715	700	1706	858	98	1	0	545	5	25	100	33547	360	2
111376	6	9	9	0	3	1	0	1	65716	700	1712	857	119	0	0	565	5	23	100	33576	360	1
111372	3	10	10	1	2	1	0	1	65715	700	1718	852	99	0	1	567	4	23	100	33452	360	1
111369	2	12	10	2	0	1	0	1	65714	700	1722	886	101	0	0	562	3	24	100	63510	360	3
111363	2	11	9	3	0	1	0	1	65715	700	1728	858	117	0	1	92	2	24	100	64025	360	2
111355	5	8	8	4	0	1	0	1	65717	700	1734	854	121	0	0	60	2	24	100	33235	360	4
111353	4	8	9	4	0	1	0	1	65717	700	1736	849	97	0	0	60	2	24	100	32981	360	1
111351	2	6	11	4	0	0	0	0	65719	700	1740	860	102	0	1	64	4	19	100	32912	360	0
111348	1	8	7	3	0	0	0	0	65722	700	1744	868	174	0	1	118	3	16	100	33473	360	1
111347	1	5	9	3	0	0	0	0	65722	700	1746	852	114	0	0	118	2	16	100	33172	360	0
111343	0	3	11	1	0	0	0	0	65723	700	1752	856	175	0	1	88	2	13	100	63814	360	0
111340	0	2	9	1	1	0	0	0	65726	700	1754	869	94	0	0	89	2	11	100	63471	360	1
111334	0	2	10	1	1	0	0	0	65723	700	1762	840	129	0	1	280	7	7	100	33236	360	1
111331	0	2	6	1	0	0	0	0	65727	700	1766	845	124	0	0	566	4	5	100	33770	360	0
111327	1	3	4	0	0	0	0	0	65729	700	1769	836	110	0	0	564	2	6	100	33637	360	2
111321	3	3	3	0	0	0	0	0	65724	700	1779	837	94	0	0	565	2	7	100	33822	360	2
111319	2	2	4	0	1	0	0	0	65722	700	1783	827	98	0	0	565	2	7	100	33706	360	0
111316	1	2	3	0	2	0	0	0	65720	700	1789	852	115	0	0	533	2	6	100	63242	360	0
111313	1	2	0	0	2	0	0	0	65721	700	1794	839	114	0	0	508	1	4	100	63850	360	0
111313	1	1	1	0	1	0	0	0	65720	700	1796	825	167	0	1	509	1	3	100	33733	360	0
111311	0	2	1	0	1	0	0	0	65718	700	1800	804	119	0	0	507	2	2	100	33629	360	0
111309	0	1	1	1	0	0	0	0	65717	700	1804	796	114	0	0	507	1	2	100	33480	360	0
111303	1	1	1	1	0	0	0	0	65714	700	1812	800	106	0	0	25	1	3	100	33771	360	1
111295	2	0	1	1	1	0	0	0	65712	700	1821	840	101	0	0	25	1	4	100	32909	360	1
111294	1	1	1	1	1	0	0	0	65710	700	1824	834	175	0	1	26	2	3	100	63114	360	0
111294	0	1	2	0	1	0	0	0	65709	700	1826	827	161	1	1	51	4	0	100	62792	360	0
111290	0	1	1	0	1	0	0	0	65710	700	1830	827	114	0	0	75	3	0	100	32864	360	0
111289	0	1	0	0	1	0	0	0	65711	700	1831	840	113	0	0	75	2	0	100	33159	360	0
111288	0	1	0	0	1	0	0	0	65709	700	1834	872	100	0	0	75	2	0	100	33335	360	0
111286	0	1	0	0	1	0	0	0	65708	700	1837	867	126	0	0	50	2	0	100	32921	360	0
111283	0	1	0	0	1	0	0	0	65703	700	1845	875	106	0	0	50	2	0	100	33093	360	0
111278	0	1	0	0	0	0	0	0	65702	700	1852	845	113	0	0	50	1	0	100	63043	360	0
