S	E	I1	I2	I3	I4	I5_h	I6_h	R_h	R	D1	D2	H	T	P1	P2	Q	QT	NQ	MUT	HOM	VAC	NI
178890	123	124	68	54	32	7	3	0	230	2	0	239	0	0	0	60	60	351	0	179531	0	0
178812	92	204	65	61	26	8	4	0	259	2	0	390	368	1	72	104	58	402	0	17616	0	76
178708	118	228	72	69	35	8	5	0	285	2	3	457	255	1	13	366	64	471	0	17773	0	100
178620	135	216	91	70	53	9	6	0	323	2	8	550	359	4	22	1310	90	490	0	18663	0	84
178501	162	249	94	65	57	9	7	0	375	2	12	624	268	1	31	1670	136	507	0	19384	0	113
178408	165	267	104	52	67	13	8	0	431	2	16	659	262	1	23	2333	166	510	0	20859	0	89
178313	141	301	118	56	80	12	8	0	484	3	17	675	111	0	20	2429	193	523	0	42953	0	94
178228	132	301	130	60	88	15	9	0	545	3	22	741	252	3	26	3063	215	520	0	43504	0	79
178103	156	315	140	67	93	18	10	0	602	3	26	750	284	1	25	4222	258	541	0	21614	0	121
177976	161	330	151	78	100	20	11	0	669	3	34	806	310	3	29	4364	287	564	0	22177	0	117
177850	179	328	167	89	107	22	13	0	736	3	39	855	308	1	39	5484	322	583	0	22467	0	120
177726	189	332	185	104	108	25	11	0	801	5	47	829	269	4	33	6139	365	589	0	23686	0	116
177590	195	366	191	97	98	26	11	1	898	5	55	871	247	1	28	6409	376	608	0	25725	0	129
177484	182	373	216	106	93	28	10	1	975	7	58	882	273	4	28	5768	395	613	0	46392	0	103
177389	166	358	217	124	98	30	10	2	1071	8	60	905	338	0	30	6446	403	600	0	46760	0	92
177259	170	371	216	126	94	32	11	1	1181	8	64	891	315	1	42	6161	400	620	0	24799	0	124
177119	201	356	233	127	90	38	12	1	1280	8	68	883	124	1	26	6861	386	671	0	24806	0	136
176996	209	352	230	126	95	38	12	1	1391	8	75	853	132	2	30	6384	380	682	0	24986	0	116
176854	191	398	225	122	105	37	13	1	1500	8	79	874	122	2	24	6577	375	716	0	24966	0	138
176698	198	421	234	120	109	39	12	2	1602	10	88	890	267	0	45	7360	397	736	0	25819	0	147
176588	188	415	238	126	117	35	16	2	1705	11	92	892	173	0	43	6546	398	737	0	47271	0	106
176484	164	412	251	130	116	34	15	1	1817	13	96	885	299	3	33	5349	376	746	0	46767	0	100
176340	179	402	272	129	115	30	15	1	1932	14	104	881	260	1	43	6622	396	746	0	23570	0	136
176195	177	394	273	145	120	31	16	1	2055	14	112	872	103	1	32	5925	384	772	0	24815	0	137
176031	198	406	262	135	126	35	14	3	2191	16	116	906	307	2	50	6070	400	776	0	24017	0	161
175887	217	397	256	127	131	32	17	2	2332	16	119	871	282	4	43	6299	395	782	0	24523	0	140
175705	242	425	267	133	127	32	20	1	2444	16	121	892	274	3	37	5549	399	847	0	25184	0	180
175547	246	438	276	128	129	39	19	2	2570	17	122	884	105	2	44	5786	432	843	0	46282	0	157
175389	238	459	262	127	145	40	19	2	2705	17	130	859	348	4	41	5504	438	852	0	46212	0	148
175205	226	516	260	130	145	41	21	2	2832	17	138	844	345	1	44	4687	448	891	0	23689	0	175
175015	265	526	261	134	158	44	20	2	2946	19	143	829	264	4	38	4719	455	953	0	22712	0	185
174799	297	550	283	140	152	51	19	2	3067	21	152	835	283	5	51	4995	494	998	0	22735	0	206
174586	317	569	304	146	162	51	19	2	3195	22	160	846	340	3	46	4190	486	1082	0	23424	0	203
174357	305	625	302	158	165	49	19	3	3363	24	163	861	279	1	53	4831	500	1123	0	23267	0	225
174162	294	620	331	161	182	53	23	3	3509	25	170	863	137	3	57	5015	528	1136	0	45905	0	188
173976	278	628	348	153	179	60	22	5	3684	25	175	843	354	2	47	6018	544	1124	0	46023	0	182
173756	295	626	364	159	193	60	24	4	3845	26	181	845	292	1	56	6167	547	1174	0	24619	0	213
173525	325	619	386	170	202	60	23	6	4007	28	182	834	266	2	68	7203	595	1190	0	24295	0	229
173268	356	654	403	166	202	60	26	5	4179	28	186	853	330	7	56	9581	631	1236	0	27433	0	254
172979	402	690	403	179	199	62	23	6	4370	29	191	875	262	3	56	10505	648	1310	0	27886	0	284
172705	413	745	404	168	204	62	24	4	4577	30	197	848	319	2	68	10981	683	1337	0	29591	0	266
172461	397	769	434	173	204	66	25	6	4765	30	203	874	339	5	53	10863	675	1393	0	49921	0	234
172221	365	788	449	187	223	70	26	6	4958	32	208	880	273	4	63	10931	693	1415	0	50194	0	233
171916	380	828	474	195	243	67	24	6	5151	34	215	882	292	4	73	10709	739	1472	0	29845	0	298
171631	416	838	482	215	237	68	25	3	5365	36	217	866	319	5	76	10044	768	1513	0	28796	0	281
171297	455	877	499	224	224	67	23	4	5606	38	219	869	275	6	69	10353	776	1593	0	28593	0	332
170958	467	931	521	222	240	65	23	3	5835	42	226	858	257	5	63	11326	799	1670	0	28980	0	332
170595	492	965	554	227	241	70	25	3	6082	46	233	874	300	7	66	9213	806	1768	0	30411	0	355
170313	463	979	572	237	246	75	25	4	6336	47	236	868	360	4	77	8889	816	1781	0	48598	0	276
170015	430	1004	615	249	254	80	23	5	6564	51	243	858	308	1	80	8509	852	1803	0	48702	0	290
169678	459	990	638	261	278	81	27	5	6816	52	248	872	324	6	69	10728	848	1886	0	48027	0	329
169349	507	936	649	276	286	86	30	4	7105	53	252	877	341	4	78	11006	893	1877	0	47767	0	323
169036	508	967	610	282	283	84	33	3	7415	56	256	859	328	2	102	10834	933	1834	0	47900	0	308
168709	499	989	601	292	293	82	37	5	7708	57	261	854	271	7	91	10893	938	1855	0	47632	0	321
168385	479	1018	598	298	298	85	34	6	8004	61	267	848	284	3	81	11078	914	1896	0	47954	0	316
168099	459	1013	593	312	300	85	35	7	8293	61	276	820	267	4	99	10227	951	1846	0	79059	0	274
167828	441	996	593	303	311	80	36	7	8594	62	282	837	294	6	109	10313	987	1773	0	79488	0	266
167521	452	944	628	297	338	89	38	7	8869	63	287	863	188	4	88	11238	1027	1759	0	48223	0	301
167194	467	940	641	302	335	88	43	5	9153	66	299	854	280	2	100	11409	1050	1766	0	47954	0	317
166870	468	975	609	290	340	91	46	5	9467	68	304	859	289	3	89	8863	1047	1772	0	48103	0	318
166561	475	970	618	290	328	101	45	7	9759	71	308	844	281	6	93	10494	1055	1772	0	46054	0	304
166261	440	1015	603	278	328	104	47	8	10066	74	309	843	289	6	88	10643	1050	1765	0	47335	0	299
165996	439	958	604	295	310	104	50	8	10378	75	316	855	341	6	89	10422	1028	1732	0	79007	0	260
165748	426	918	574	301	316	110	49	7	10685	78	321	847	306	1	84	10499	1021	1673	0	79269	0	242
165446	433	900	574	318	307	113	53	6	10975	80	328	836	257	2	90	10550	1021	1677	0	47712	0	295
165139	433	920	583	306	309	107	49	6	11265	85	331	852	309	4	88	11549	1034	1673	0	48295	0	303
164812	439	938	583	306	296	111	56	4	11566	87	335	839	297	8	86	10763	995	1734	0	48702	0	323
164514	476	897	593	296	296	114	57	5	11853	91	341	888	264	2	67	10518	949	1780	0	47494	0	293
164220	468	883	595	310	286	109	57	5	12152	95	353	839	282	6	95	11126	962	1746	0	47653	0	283
163985	436	870	608	298	288	115	62	5	12415	96	355	839	299	5	84	11094	963	1714	0	79383	0	231
163755	388	854	601	288	296	118	62	4	12702	100	365	856	284	6	92	9487	960	1647	0	79724	0	215
163493	365	857	593	283	297	123	67	6	12975	102	372	861	294	4	88	9492	968	1617	0	46419	0	256
163190	400	865	576	265	270	117	66	6	13291	107	380	859	320	4	83	10341	942	1617	0	46216	0	295
162941	418	842	579	265	270	119	72	4	13531	110	382	840	279	8	86	11449	985	1580	0	48023	0	247
162707	378	856	544	278	271	119	64	5	13808	119	384	838	273	6	75	10612	969	1541	0	48310	0	231
162419	406	868	546	268	265	115	63	5	14063	125	390	832	285	2	88	9241	963	1568	0	47478	0	282
162181	378	874	554	266	257	107	63	6	14321	129	397	850	251	4	82	9452	954	1545	0	78436	0	229
161969	321	880	565	270	254	105	60	8	14567	132	402	845	273	3	69	9442	953	1502	0	79002	0	207
161682	358	872	563	261	256	101	60	10	14829	136	405	842	164	1	69	9289	951	1520	0	46236	0	283
161416	389	830	577	257	254	105	59	11	15084	141	410	829	330	4	74	9685	933	1538	0	46214	0	261
161153	393	823	572	261	244	102	57	11	15358	144	415	841	286	3	64	10187	899	1553	0	46750	0	254
160897	392	810	573	261	260	102	55	13	15601	149	420	839	272	3	68	10213	881	1572	0	47043	0	250
160623	391	823	540	262	264	101	51	14	15886	153	425	832	276	6	66	8378	824	1608	0	47005	0	268
160427	365	793	528	253	253	98	51	14	16166	155	430	824	362	7	95	7345	809	1532	0	77189	0	192
160238	324	764	531	257	266	100	48	18	16393	158	436	865	285	3	77	10101	836	1454	0	79028	0	184
159972	328	784	513	252	254	98	50	18	16660	164	440	865	263	6	77	10399	808	1471	0	47516	0	261
159712	356	775	516	252	259	92	49	15	16898	167	442	842	283	4	70	10912	825	1474	0	47588	0	257
159479	365	781	510	247	254	90	46	15	17130	172	444	818	279	9	64	11269	848	1445	0	48253	0	229
159221	359	796	518	248	253	96	44	17	17359	174	448	828	324	8	72	11196	847	1467	0	48278	0	251
158975	368	764	523	272	251	93	43	17	17598	177	452	862	248	4	77	11425	860	1454	0	47902	0	241
158763	348	766	490	264	244	93	40	19	17872	181	453	855	321	5	83	10521	847	1398	0	79642	0	211
158563	332	748	511	251	248	91	35	18	18092	186	458	883	277	5	61	10432	834	1382	0	79456	0	196
158338	339	707	506	263	245	92	34	18	18340	189	462	854	289	3	67	10541	816	1370	0	47381	0	219
158159	320	656	516	254	253	89	33	18	18573	191	471	833	296	5	67	7734	777	1344	0	79124	0	170
157977	289	671	488	241	237	86	35	17	18820	194	478	818	271	4	75	7354	777	1270	0	77545	0	175
157812	262	662	466	227	236	95	37	16	19043	197	480	851	149	6	65	7218	780	1205	0	77684	0	161
157649	265	602	471	217	228	97	35	18	19267	199	485	852	298	6	63	7335	748	1167	0	78119	0	159
157491	261	576	443	204	213	94	34	19	19507	200	491	882	261	2	61	8465	733	1092	0	77694	0	151
157342	248	559	431	190	201	95	30	17	19721	204	495	874	337	5	53	8704	711	1043	0	78385	0	145
157190	233	541	423	187	201	82	30	15	19925	206	500	866	291	3	51	8670	672	1025	0	46221	0	146
157040	223	528	388	192	176	82	31	12	20150	208	503	847	248	3	50	8806	649	971	0	45695	0	148
156913	206	523	374	171	175	77	28	12	20333	211	510	846	286	5	53	9534	653	901	0	78656	360	123
156806	179	465	351	197	190	75	31	11	20503	211	514	874	263	4	50	9290	634	854	0	69929	360	103
156700	157	444	342	197	166	72	32	10	20682	212	519	837	113	3	57	9135	632	778	0	69735	360	102
156591	152	401	333	185	165	67	36	10	20851	212	530	868	311	0	49	8572	615	724	0	69587	360	101
156482	160	371	302	167	151	67	35	10	21037	214	537	848	120	2	49	6420	562	691	0	69901	360	104
156362	174	358	275	141	148	64	38	10	21202	215	546	843	273	0	44	5677	530	668	0	39922	360	113
156255	184	347	271	124	158	63	38	10	21319	216	548	868	129	2	37	5343	506	679	0	38794	360	105
156156	166	349	264	126	143	59	38	12	21444	218	558	858	280	3	43	5012	483	662	0	38691	360	91
156045	153	355	263	127	129	60	37	10	21571	221	562	824	267	3	30	5053	445	679	0	37994	360	108
155940	150	330	254	139	131	62	37	9	21692	223	566	838	351	2	34	4681	424	679	0	38696	360	103
155833	136	348	252	123	119	62	35	12	21818	225	570	867	290	4	41	4558	410	665	1	67024	360	84
155723	159	325	239	120	126	60	33	11	21937	227	573	871	291	5	32	4959	393	669	3	67449	360	88
155600	169	339	227	112	122	61	28	10	22050	233	582	838	291	4	27	6322	374	684	5	39516	360	103
155468	184	333	235	114	128	62	28	11	22151	233	586	883	107	1	35	6164	364	720	7	39386	360	113
155329	189	357	223	106	118	61	25	12	22287	235	591	856	129	3	33	5750	357	722	10	39534	360	119
155181	204	373	234	104	111	54	23	12	22406	238	593	852	276	1	36	6173	364	739	12	39142	360	131
155041	213	378	238	100	127	50	23	9	22512	241	601	837	171	6	38	6958	375	754	13	40096	360	134
154908	220	379	236	121	120	43	22	8	22626	242	608	829	279	0	38	7266	388	753	16	68424	360	125
154814	191	375	247	119	118	42	21	8	22745	244	609	840	106	3	32	6952	391	722	17	68606	360	91
154691	201	379	224	115	116	40	18	7	22880	246	616	859	266	3	39	7479	386	707	18	40442	360	117
154560	196	389	224	118	116	43	16	6	22997	249	619	893	287	2	39	7458	400	702	20	40879	360	126
154430	189	380	242	120	115	42	16	7	23117	249	626	843	313	5	23	6038	370	734	21	40643	360	123
154325	171	392	233	114	113	43	15	7	23238	250	632	831	280	1	35	6054	375	706	22	39234	360	101
154177	179	413	233	114	117	39	13	6	23356	251	635	846	102	1	39	5878	382	726	23	39210	360	145
154086	176	372	242	107	115	40	12	6	23483	253	641	842	310	3	37	5805	352	712	24	67942	360	86
153971	166	389	242	111	114	39	12	7	23584	254	644	863	271	2	41	5118	370	703	25	68093	360	112
153841	169	382	241	116	121	39	13	6	23701	254	650	884	120	1	36	4679	386	695	26	38579	360	125
153733	168	360	231	129	121	37	17	5	23823	254	655	863	277	3	35	6255	401	662	27	38553	360	105
153605	167	376	230	120	110	31	20	4	23958	255	657	870	233	1	28	6818	385	669	30	39752	360	125
153483	175	368	215	134	111	35	20	4	24070	256	662	860	311	1	42	5808	395	663	32	39898	360	118
153334	186	380	225	137	119	34	19	3	24170	258	668	901	288	3	37	6266	402	698	33	39334	360	144
153219	204	342	256	129	116	34	19	3	24276	260	675	915	254	1	36	6710	417	683	34	68006	360	110
153120	196	341	256	118	110	32	18	2	24393	263	684	909	300	2	30	7082	396	675	36	68486	360	94
152960	201	384	241	108	113	35	15	3	24520	265	688	871	102	0	24	7566	376	721	38	40613	360	155
152832	198	408	239	109	112	40	15	3	24617	266	694	897	258	2	36	7113	374	747	40	40740	360	121
152691	194	442	238	114	106	40	16	4	24723	267	698	933	263	2	34	6701	377	773	42	40382	360	137
152527	205	454	248	116	111	41	17	5	24834	270	705	910	265	1	31	6495	365	827	44	40153	360	159
152356	233	454	260	124	125	39	16	5	24939	270	712	877	130	3	47	7073	408	843	46	40266	360	164
152226	235	429	276	127	138	37	15	6	25055	273	716	895	256	0	31	6732	428	829	45	68402	360	127
152091	204	450	282	123	139	43	16	5	25185	273	722	897	276	2	35	6664	433	824	47	68160	360	129
151943	204	453	271	133	138	50	19	5	25320	274	723	908	356	2	37	5412	406	862	48	39615	360	146
151762	219	462	279	134	145	48	19	4	25457	274	730	891	299	2	45	5602	420	886	50	38817	360	174
151592	240	463	276	126	148	53	20	5	25595	277	738	876	278	3	44	7148	471	855	52	39275	360	161
151414	268	464	285	123	146	53	20	6	25733	279	742	906	254	4	40	7180	482	877	54	40462	360	177
151215	278	505	278	122	159	53	19	5	25872	280	747	885	260	1	48	7119	489	925	56	40070	360	196
151062	264	509	291	130	158	49	19	5	26008	281	757	856	171	5	36	7184	490	930	58	68257	360	145
150902	255	503	313	136	161	52	22	5	26140	282	762	869	95	3	42	7734	513	929	59	69032	360	152
150716	269	510	320	133	151	57	22	5	26300	284	766	860	283	2	51	5391	481	981	61	40801	360	182
150527	296	538	301	146	140	52	23	6	26450	284	770	877	269	2	58	6568	500	996	63	38848	360	185
150315	318	556	305	146	149	55	23	7	26599	285	775	855	260	6	40	8062	503	1049	65	40815	360	207
150102	322	590	306	151	161	53	26	7	26752	285	778	830	121	2	50	9679	543	1066	67	41641	360	207
149872	340	608	346	154	170	54	27	5	26887	287	783	850	104	0	46	9430	571	1128	69	43035	360	224
149658	330	650	370	167	169	49	28	6	27033	287	786	849	281	4	55	7803	583	1180	70	69837	360	209
149469	313	663	381	175	171	50	24	9	27199	289	790	867	312	2	45	8433	586	1191	71	69472	360	185
149236	309	706	388	176	171	46	25	8	27379	292	797	895	296	0	54	10629	620	1201	73	43544	360	226
148999	340	677	417	188	191	47	26	9	27544	293	802	887	279	6	48	10264	629	1257	74	43782	360	231
148746	356	688	416	185	201	55	25	10	27747	294	810	859	277	0	61	10249	646	1280	75	43309	360	245
148496	372	735	438	169	181	62	27	8	27938	296	811	855	286	2	71	11018	669	1315	76	43661	360	247
148225	379	773	429	187	186	65	28	9	28138	297	817	862	316	3	58	9158	664	1383	77	44292	360	262
147978	379	782	434	198	210	69	29	9	28330	297	818	887	382	4	56	8682	689	1412	78	69532	360	245
147761	359	760	464	194	225	69	31	10	28542	297	821	862	336	3	85	7554	697	1405	79	70106	360	211
147462	387	782	485	211	225	71	28	11	28738	300	833	860	305	9	65	7979	741	1448	80	41019	360	289
147177	411	786	502	213	237	76	31	9	28953	301	837	833	284	5	67	9368	775	1481	80	40829	360	278
146905	450	779	496	231	230	74	32	9	29184	303	840	859	280	4	70	8459	789	1503	81	42836	360	267
146614	440	843	486	254	234	72	35	9	29396	305	845	864	133	5	66	9248	843	1521	82	41064	360	287
146295	471	848	492	262	237	73	35	7	29650	309	854	859	294	5	62	10494	860	1558	83	42850	360	312
146041	429	903	487	271	240	68	36	6	29884	312	856	856	267	4	71	10424	862	1572	83	78391	360	252
145799	399	896	495	290	255	63	35	9	30117	314	861	856	114	1	62	9651	824	1609	83	78940	360	240
145485	422	909	502	299	262	60	33	8	30369	316	868	853	285	3	70	10326	825	1662	84	46779	360	308
145155	484	895	504	299	290	67	33	9	30611	317	869	858	351	2	69	9899	854	1718	85	47090	360	329
144861	498	917	489	310	289	73	36	9	30853	321	877	815	288	2	88	9832	886	1726	86	46438	360	286
144536	484	980	510	291	281	81	38	10	31120	324	878	860	364	8	99	10027	903	1762	87	46739	360	322
144166	499	1013	550	288	295	76	44	8	31389	324	881	828	299	2	99	9870	956	1809	87	47393	360	368
143847	494	1036	578	290	299	81	45	8	31643	327	885	805	269	3	83	9778	985	1838	87	77957	360	313
143574	481	986	598	288	299	88	45	9	31951	329	885	834	303	6	86	10102	965	1820	88	79516	360	273
143195	492	1052	613	300	306	92	45	11	32205	331	891	870	285	4	89	9373	1020	1880	89	47007	360	374
142807	526	1084	638	306	309	89	47	11	32486	332	898	888	147	0	92	10166	1059	1940	89	46651	360	377
142418	573	1081	657	310	318	100	51	11	32778	335	901	880	294	2	94	10455	1089	2001	90	47358	360	383
142026	600	1134	646	312	339	110	51	10	33062	339	904	858	276	5	112	11956	1190	2002	91	47461	360	388
141657	613	1097	695	338	344	112	52	11	33363	341	910	836	128	4	80	11932	1166	2085	91	48567	360	364
141354	544	1161	654	334	338	117	49	12	33704	348	918	858	301	9	111	12202	1202	1995	92	79439	360	295
141036	501	1169	679	334	322	121	53	12	34034	350	922	850	136	2	96	11596	1182	1997	93	72775	360	316
140656	537	1135	712	330	315	122	59	9	34378	352	928	831	320	8	104	12131	1192	2018	93	45091	360	376
140243	572	1127	755	336	341	113	59	8	34685	356	938	860	292	8	98	11876	1253	2050	94	45457	360	407
139828	610	1138	773	351	343	110	60	7	35010	360	943	871	315	6	95	12530	1265	2120	95	45589	360	410
139442	628	1152	769	340	350	110	60	8	35363	365	946	872	267	6	90	12581	1236	2173	95	45428	360	384
139026	614	1226	784	347	347	118	62	8	35680	368	953	876	277	3	98	12347	1234	2264	95	45131	360	409
138686	573	1210	797	356	362	118	62	8	36029	372	960	880	272	6	97	12000	1238	2240	95	71718	360	334
138326	554	1213	808	356	364	115	65	9	36385	375	963	866	326	2	118	11455	1223	2252	95	71692	360	354
137891	609	1243	765	345	367	121	62	11	36772	382	965	866	270	6	107	12810	1231	2281	96	45336	360	429
137469	648	1235	789	357	373	116	61	12	37118	386	969	858	345	8	98	12351	1211	2368	96	46114	360	418
137062	639	1250	819	347	375	120	64	11	37483	388	975	846	348	6	138	13717	1274	2340	96	45492	360	402
136643	639	1253	845	353	388	124	64	12	37834	393	985	842	351	7	100	12891	1271	2395	97	47104	360	407
136197	648	1277	859	359	400	125	59	15	38204	399	991	846	315	7	124	13154	1333	2394	97	46311	360	437
135856	594	1277	883	374	390	131	57	15	38556	405	995	862	355	1	120	13270	1369	2337	97	72127	360	333
135496	568	1266	860	376	386	131	53	14	38974	409	1000	876	287	3	90	14300	1334	2306	97	73113	360	356
135041	587	1299	848	381	372	131	59	11	39383	412	1009	879	251	4	121	13381	1318	2359	98	47084	360	447
134612	631	1286	833	418	372	134	63	10	39742	415	1017	887	329	5	116	14047	1351	2386	97	46265	360	425
134153	676	1319	801	389	367	131	57	11	40185	421	1023	857	319	5	121	14133	1338	2402	98	47156	360	451
133743	658	1360	828	365	371	128	56	10	40558	427	1029	869	305	3	107	14096	1307	2459	98	47235	360	402
133283	623	1407	826	389	402	129	53	11	40944	431	1035	853	298	4	110	13545	1335	2494	98	47099	360	454
132885	609	1360	842	420	389	132	49	13	41357	438	1039	841	309	6	130	11484	1344	2457	98	72408	360	393
132535	591	1261	863	438	410	135	47	13	41755	442	1043	864	341	4	130	12691	1393	2352	98	72428	360	339
132122	620	1265	852	398	419	128	49	14	42175	446	1045	866	336	6	135	14155	1429	2302	98	47885	360	410
131679	631	1315	851	388	416	132	50	13	42558	451	1049	855	341	9	110	13684	1403	2380	98	47192	360	442
131289	630	1316	845	396	404	134	48	8	42958	453	1052	856	293	7	105	14471	1415	2358	98	46732	360	384
130866	617	1357	835	386	392	124	45	7	43392	457	1055	821	345	9	121	14524	1381	2375	98	47457	360	418
130390	655	1370	879	381	402	122	51	8	43758	459	1058	812	320	8	100	13609	1367	2493	98	46980	360	470
130045	650	1274	918	372	386	119	50	8	44182	465	1064	818	326	6	113	12776	1336	2433	98	72319	360	340
129706	607	1225	936	364	398	114	54	8	44587	466	1068	838	262	4	113	12433	1330	2368	98	72230	360	336
129297	594	1256	898	361	385	114	57	8	45020	470	1073	818	322	0	108	14677	1315	2350	98	45788	360	404
128855	632	1286	882	357	392	111	57	10	45403	471	1077	838	286	13	114	14624	1334	2383	98	47860	360	439
128426	643	1273	868	360	407	110	58	9	45822	475	1082	863	331	6	108	12826	1265	2454	98	47267	360	424
127995	657	1296	858	363	395	106	64	9	46223	478	1089	855	285	4	135	13797	1273	2466	98	46398	360	423
127576	653	1309	847	398	391	106	65	10	46599	484	1095	865	288	6	119	13776	1248	2521	98	46971	360	411
127252	609	1259	858	402	402	101	63	12	46984	492	1099	861	244	5	130	13254	1283	2411	98	72516	360	320
126942	527	1272	854	404	386	101	62	12	47372	498	1103	886	341	8	115	13726	1316	2290	98	72390	360	306
126529	554	1259	844	410	378	108	59	14	47769	504	1105	889	278	8	130	14560	1385	2227	98	47226	360	411
126154	591	1199	863	388	363	108	60	17	48175	507	1108	890	298	6	102	14652	1357	2215	98	47374	360	372
125770	588	1208	901	361	356	103	62	15	48545	510	1114	896	291	2	107	14146	1294	2285	98	47334	360	379
125356	607	1204	865	362	383	96	65	14	48949	513	1119	884	245	2	100	12173	1239	2343	98	47371	360	408
124985	571	1252	850	356	367	98	65	15	49332	516	1126	915	285	4	114	12053	1214	2345	99	44810	360	368
124647	529	1232	839	370	374	101	64	16	49708	520	1133	893	262	2	106	11451	1207	2302	99	71555	360	336
124326	529	1165	821	388	368	110	63	19	50081	524	1139	948	341	5	115	9998	1184	2260	99	71071	360	318
123932	546	1167	817	367	394	105	59	20	50450	530	1146	921	298	2	119	11644	1223	2232	99	45180	360	387
123561	550	1147	825	374	385	105	62	21	50823	531	1149	914	322	6	122	12783	1234	2214	99	45534	360	368
123184	554	1161	804	382	372	105	63	19	51200	533	1156	912	308	3	106	12970	1206	2235	99	46049	360	371
122795	575	1154	774	385	374	102	62	21	51598	534	1159	898	368	7	132	12870	1209	2217	99	45959	360	382
122450	563	1158	765	369	360	103	57	25	51985	536	1162	874	281	2	129	13014	1225	2150	99	45773	360	343
122181	482	1144	779	354	327	109	56	24	52367	540	1170	892	269	4	91	13362	1169	2082	99	72114	360	261
121902	455	1065	787	363	335	103	48	22	52729	548	1176	847	272	3	108	12808	1163	1993	99	72526	360	271
121589	445	1045	765	359	341	97	43	22	53090	553	1184	842	293	5	82	13205	1120	1975	99	46203	360	306
121291	456	998	726	370	333	93	42	24	53454	556	1190	822	287	6	94	13156	1113	1905	99	45964	360	292
120985	449	975	722	355	327	89	42	24	53815	558	1192	814	246	5	84	11690	1071	1888	99	45831	360	300
120690	446	944	734	337	305	89	42	21	54161	562	1202	835	315	1	102	12401	1019	1878	99	44933	360	286
120404	434	928	755	316	308	91	40	20	54458	569	1210	842	309	8	97	10871	1017	1855	99	45638	360	278
120184	387	880	727	286	304	86	41	20	54830	572	1216	853	350	6	98	10116	968	1743	99	70604	360	211
119944	374	849	687	275	293	82	34	18	55177	580	1220	857	300	3	80	10939	895	1699	99	71431	360	236
119649	395	866	627	269	271	84	34	15	55518	583	1222	848	319	6	78	10151	840	1706	99	43645	360	292
119407	410	811	627	278	258	83	35	13	55799	584	1228	842	267	2	74	10713	814	1688	99	43145	360	238
119194	377	804	634	272	247	86	32	14	56055	585	1233	839	347	6	74	10603	813	1639	99	43592	360	210
118920	398	795	597	258	246	88	33	13	56360	588	1237	837	363	7	82	10807	800	1615	99	43198	360	269
118706	408	736	561	253	253	85	31	13	56652	594	1241	827	313	2	70	10425	778	1549	99	43882	360	211
118557	348	695	556	236	251	94	38	14	56906	594	1244	807	284	3	74	9334	743	1475	99	70057	360	143
118399	291	677	556	223	237	93	34	15	57162	597	1249	831	272	7	81	7818	722	1389	99	69862	360	155
118163	307	695	544	218	210	88	32	14	57410	599	1253	820	265	4	66	8477	696	1398	99	40956	360	234
117944	345	661	536	223	209	78	33	12	57629	600	1263	837	259	3	69	8246	676	1409	99	42174	360	213
117771	329	627	522	221	209	79	36	12	57855	600	1272	843	244	2	50	8175	647	1376	99	41255	360	171
117588	306	638	484	195	208	72	33	12	58114	604	1279	819	309	5	70	9190	641	1295	99	40999	360	178
117409	295	635	470	185	206	74	34	10	58325	605	1285	821	135	1	58	9019	625	1274	99	42621	360	174
117255	272	603	465	186	218	70	29	12	58524	608	1291	781	256	1	61	8474	620	1223	99	69272	360	148
117125	229	592	451	178	202	66	23	14	58747	612	1294	804	275	3	62	8370	595	1146	99	69627	360	128
116976	221	556	442	177	190	61	22	13	58963	615	1297	835	313	2	46	9477	560	1109	99	41938	360	147
116832	220	521	440	179	165	59	21	13	59166	616	1301	818	241	0	51	9710	536	1069	99	42783	360	142
116690	204	498	423	180	168	55	21	12	59358	616	1308	761	286	3	42	9759	509	1040	99	42642	360	133
116534	205	497	387	178	153	56	23	13	59561	616	1310	790	270	2	48	8342	506	993	99	42838	360	153
116396	209	451	387	186	155	52	20	13	59730	618	1316	793	265	2	46	8392	491	969	99	41430	360	136
116287	195	406	385	164	151	57	24	10	59913	620	1321	824	288	2	44	8653	469	913	99	69413	360	104
116195	175	388	368	152	146	56	22	11	60076	620	1324	828	112	1	39	6755	430	877	99	68896	360	88
116066	172	395	346	145	139	55	24	10	60234	621	1326	829	277	2	42	6727	428	848	99	40520	360	127
115936	175	403	343	133	125	56	22	8	60380	623	1329	857	280	0	38	8082	411	846	99	40267	360	127
115818	176	398	333	131	122	50	21	7	60520	625	1332	861	310	3	37	7721	402	829	99	41149	360	116
115712	168	392	327	121	122	50	18	8	60652	627	1336	865	273	1	38	7099	389	809	99	40851	360	106
115619	151	361	316	121	121	49	18	8	60796	629	1344	844	110	2	29	7199	360	777	99	40305	360	86
115541	139	334	307	107	111	46	18	7	60944	630	1349	827	342	4	40	6687	357	705	99	67964	360	75
115456	132	322	286	98	108	41	20	7	61079	631	1353	853	243	2	33	7655	346	661	99	68730	360	83
115376	120	302	266	91	106	38	19	9	61211	631	1364	864	265	2	24	7534	321	621	99	41168	360	74
115283	129	296	244	91	89	37	23	9	61330	631	1371	857	263	0	28	7513	314	595	99	40511	360	86
115189	131	290	234	87	89	37	24	6	61436	631	1379	858	333	2	30	6979	308	584	99	40438	360	88
115120	126	269	224	86	86	34	23	6	61542	631	1386	854	111	0	25	6918	282	566	99	39867	360	62
115061	105	266	212	76	82	31	23	6	61647	633	1391	877	301	4	30	5265	267	528	99	40709	360	56
115011	80	254	216	70	72	34	20	5	61739	635	1397	871	355	1	20	4959	245	501	99	66939	360	48
114961	77	223	213	66	73	31	17	5	61832	637	1398	881	122	0	19	4742	224	476	100	67014	360	49
114890	89	209	202	64	63	27	18	4	61924	637	1406	874	118	0	17	4708	217	455	100	37906	360	65
114832	84	193	207	68	65	24	16	5	61989	639	1411	855	115	1	23	3937	212	445	100	38101	360	54
114782	72	199	190	58	60	22	17	4	62072	640	1417	868	115	1	21	3558	186	432	100	37230	360	46
114729	76	186	190	46	55	23	15	4	62146	643	1420	866	258	1	12	3061	173	418	100	36824	360	50
114683	77	175	182	52	44	24	16	4	62207	644	1425	854	276	1	13	3889	165	405	100	36205	360	46
114638	77	170	161	50	45	26	17	4	62272	645	1428	841	268	3	18	4090	174	372	100	66088	360	42
114601	64	146	157	53	54	26	16	4	62330	647	1435	862	263	1	16	4414	173	343	100	66278	360	32
114563	53	147	140	52	55	23	13	3	62392	650	1442	864	126	1	18	4490	181	302	100	37231	360	34
114509	66	134	128	43	55	22	13	1	62464	651	1447	839	127	3	15	4023	176	285	100	37689	360	51
114468	72	126	119	37	52	22	14	1	62519	651	1452	859	108	0	13	3975	168	274	100	37086	360	37
114426	64	132	113	31	56	19	14	2	62567	651	1458	869	112	0	14	4065	165	264	100	36786	360	36
114383	68	122	108	33	56	20	14	2	62614	651	1462	910	108	1	13	3562	150	271	100	37219	360	38
114363	54	112	110	36	49	19	12	3	62658	653	1464	896	100	0	6	3412	125	267	100	65657	360	19
114327	51	116	103	32	45	20	11	3	62704	654	1467	865	108	0	13	3392	130	248	100	65726	360	32
114305	44	111	96	28	42	19	11	3	62747	654	1473	840	104	1	10	2675	116	235	100	36458	360	19
114282	37	104	93	29	40	17	11	3	62786	654	1477	825	105	1	10	2581	105	226	100	35841	360	20
114259	36	89	90	29	42	14	12	2	62823	654	1483	847	265	2	11	2808	101	211	100	35689	360	19
114217	45	93	88	27	38	13	11	2	62855	655	1489	846	270	1	12	2385	101	214	100	35964	360	39
114188	49	84	83	23	33	11	11	3	62897	655	1496	819	275	0	7	2414	97	197	100	35658	360	26
114161	43	87	77	28	31	10	10	3	62927	656	1500	843	109	0	9	2342	104	182	100	64790	360	25
114136	45	74	80	21	24	11	10	3	62966	657	1506	812	96	0	8	2664	99	166	100	65438	360	20
114117	40	75	75	16	23	7	10	3	63001	658	1508	817	118	0	9	4304	96	150	100	37278	360	17
114094	31	75	73	20	23	5	8	5	63031	658	1510	813	115	0	6	4781	89	146	100	37300	360	22
114072	23	80	60	23	22	5	6	5	63059	660	1518	828	106	1	7	4780	90	129	100	37841	360	18
114048	21	74	61	24	23	6	7	5	63082	660	1522	816	277	0	5	4325	89	127	100	37854	360	21
114030	31	61	54	24	23	5	6	5	63110	661	1523	805	105	0	6	3774	91	113	100	37309	360	18
114018	23	61	52	29	17	5	6	4	63130	662	1526	839	104	0	7	3257	80	113	100	65857	360	11
114006	18	61	40	25	16	5	7	4	63157	662	1532	838	99	0	5	3628	70	102	100	65936	360	9
113993	19	50	46	21	14	4	7	4	63176	662	1537	865	102	0	4	3584	58	103	100	36628	360	10
113983	17	39	46	22	12	4	6	4	63198	663	1539	883	111	0	2	3055	48	98	100	36882	360	9
113968	13	40	47	21	12	4	4	3	63214	665	1542	865	119	0	5	1562	44	97	100	36115	360	12
113954	13	36	40	19	14	3	3	2	63235	666	1548	874	108	1	6	2365	44	84	100	34783	360	11
113947	13	30	35	18	14	3	3	2	63252	666	1550	892	123	0	4	2100	47	69	100	35434	360	6
113934	11	26	39	19	13	3	2	2	63261	667	1556	901	127	0	3	2323	50	63	100	64918	360	9
113923	12	26	34	16	10	3	2	1	63276	667	1563	888	129	1	2	2284	45	58	100	64723	360	7
113918	11	21	30	15	10	4	3	1	63290	667	1563	886	103	0	2	2289	40	54	100	35626	360	5
113909	6	25	28	14	11	4	2	2	63301	667	1564	872	97	1	5	2277	45	45	100	35422	360	9
113894	11	23	29	13	9	3	3	2	63308	667	1571	886	107	0	1	2271	39	52	100	35563	360	11
113880	13	24	25	14	10	1	2	1	63317	668	1578	858	100	0	1	2266	37	52	100	35454	360	9
113865	13	24	23	8	9	1	2	1	63331	668	1588	846	112	1	1	2297	30	50	100	35322	360	7
113857	12	19	24	9	8	2	3	1	63338	668	1592	857	109	0	3	2158	30	47	100	65044	360	5
113853	7	21	17	10	7	3	3	1	63348	668	1595	858	101	0	5	1655	33	35	100	64979	360	3
113840	8	23	15	7	7	2	2	2	63355	668	1604	845	97	0	4	1180	29	35	100	34987	360	6
113828	10	19	18	8	7	2	2	2	63358	668	1611	840	121	0	0	1172	25	41	100	34420	360	6
113819	8	17	18	8	9	1	2	2	63365	668	1616	808	87	0	2	1597	24	39	100	34137	360	6
113814	7	13	15	7	10	1	2	0	63373	668	1623	804	103	0	3	1606	24	31	100	34581	360	3
113808	5	15	12	5	8	1	1	0	63381	669	1628	795	96	0	0	1120	20	27	100	34764	360	1
113805	3	15	10	4	7	1	1	0	63386	669	1632	790	301	0	3	1126	19	22	100	64242	360	1
113799	3	13	12	4	4	1	1	0	63385	669	1642	812	108	0	1	1126	16	22	100	64059	360	2
113790	2	9	13	2	3	1	1	0	63390	669	1653	820	127	0	0	1037	11	20	100	34387	360	1
113782	3	7	14	1	3	1	1	0	63390	669	1662	823	112	0	2	590	12	18	100	33997	360	1
113771	2	8	11	1	3	1	0	0	63394	670	1672	829	107	0	0	572	9	17	100	33700	360	3
113769	2	5	11	3	2	1	0	0	63396	670	1674	852	120	0	0	555	6	18	100	33856	360	0
113766	1	5	8	3	2	0	0	0	63401	670	1677	862	118	1	1	564	6	13	100	33531	360	1
113759	2	4	8	3	2	0	0	0	63402	670	1683	848	116	0	1	81	4	15	100	63894	360	2
113755	2	2	4	4	1	0	0	0	63408	670	1687	842	102	0	2	68	3	10	100	63406	360	0
113752	1	4	3	3	1	0	0	0	63410	670	1689	852	113	0	1	550	3	9	100	33641	360	1
113749	0	6	2	3	1	0	0	0	63409	670	1693	831	100	0	0	545	3	9	100	33479	360	1
113746	1	5	3	2	1	0	0	0	63405	670	1700	819	117	0	0	538	3	9	100	33497	360	1
113745	1	4	2	1	2	0	0	0	63405	670	1703	839	110	0	0	540	2	8	100	33551	360	0
113742	0	3	1	2	3	0	0	0	63406	670	1706	816	104	0	1	503	3	6	100	33763	360	0
113738	2	3	0	2	3	0	0	0	63406	670	1709	855	114	0	1	510	5	5	100	63818	360	2
113732	3	1	0	2	5	0	0	0	63406	670	1714	829	125	0	1	515	7	4	100	63970	360	1
113727	3	2	0	2	2	0	0	0	63407	670	1720	820	104	0	1	513	7	2	100	33572	360	1
113725	1	4	0	2	0	0	0	0	63408	670	1723	829	115	0	0	511	5	2	100	33531	360	0
113720	2	1	2	1	1	0	0	0	63406	670	1730	852	99	0	0	33	5	2	100	33558	360	1
113718	2	0	2	1	1	0	0	0	63407	670	1732	846	97	0	0	23	4	2	100	33075	360	0
113717	2	0	2	1	1	0	0	0	63405	670	1735	835	112	0	0	23	4	2	100	33044	360	0
113714	1	1	2	0	1	0	0	0	63405	670	1739	848	105	0	1	27	5	0	100	63115	360	0
113707	0	2	2	0	1	0	0	0	63405	670	1746	851	100	0	0	27	5	0	100	63254	360	0
113703	0	2	2	0	0	0	0	0	63405	670	1751	822	114	0	0	22	1	3	100	33206	360	0
113702	0	1	2	1	0	0	0	0	63403	670	1754	826	124	0	0	19	0	4	100	33250	360	0
113699	0	1	2	1	0	0	0	0	63401	670	1759	843	105	0	1	12	3	1	100	32970	360	0
113698	0	0	2	1	0	0	0	0	63398	670	1764	852	91	0	0	6	3	0	100	32929	360	0
113696	0	0	2	1	0	0	0	0	63398	670	1766	824	92	0	0	6	3	0	100	32875	360	0
113693	0	0	2	1	0	0	0	0	63395	670	1772	823	116	0	0	7	3	0	100	63410	360	0
113690	0	0	2	1	0	0	0	0	63393	670	1777	823	128	0	0	8	3	0	100	63679	360	0
113688	0	0	2	1	0	0	0	0	63391	670	1781	822	114	0	0	8	3	0	100	33155	360	0
113686	0	0	1	1	0	0	0	0	63392	670	1783	812	109	0	0	5	2	0	100	33067	360	0
113683	0	0	1	1	0	0	0	0	63391	670	1787	830	101	0	0	5	2	0	100	32759	360	0
113679	0	0	0	1	0	0	0	0	63391	670	1792	814	115	0	0	6	1	0	100	33129	360	0
113676	0	0	0	1	0	0	0	0	63390	670	1796	821	120	0	0	6	1	0	100	33099	360	0
113676	0	0	0	1	0	0	0	0	63390	670	1796	827	100	0	0	4	1	0	100	63104	360	0
113674	0	0	0	1	0	0	0	0	63389	670	1799	827	108	0	0	5	1	0	100	63077	360	0
113672	0	0	0	0	0	0	0	0	63390	670	1801	814	134	0	0	5	0	0	0	32783	360	0
113670	0	0	0	0	0	0	0	0	63388	670	1805	822	115	0	0	6	0	0	0	33090	360	0
113667	0	0	0	0	0	0	0	0	63387	670	1809	837	97	0	0	6	0	0	0	33159	360	0
113664	0	0	0	0	0	0	0	0	63385	670	1814	867	115	0	0	6	0	0	0	33193	360	0
113659	0	0	0	0	0	0	0	0	63384	670	1820	837	103	0	0	6	0	0	0	33202	360	0
113653	0	0	0	0	0	0	0	0	63382	670	1828	890	98	0	0	6	0	0	0	62973	360	0
