S	E	I1	I2	I3	I4	I5_h	I6_h	R_h	R	D1	D2	H	T	P1	P2	Q	QT	NQ	MUT	HOM	VAC	NI
178890	107	126	51	41	47	10	7	0	254	0	0	239	0	0	0	81	81	308	0	179533	0	0
178823	88	169	59	44	47	12	7	0	282	0	2	394	371	0	99	133	85	341	0	17624	0	64
178745	105	183	68	44	54	14	8	0	307	0	5	458	324	2	14	283	94	382	0	17810	0	73
178660	124	202	73	37	43	17	8	0	359	1	9	549	355	4	18	358	99	405	0	18165	0	81
178570	119	228	90	41	48	19	8	0	396	1	13	627	265	4	14	456	113	440	0	18189	0	84
178477	130	238	99	48	54	19	10	0	440	1	17	663	333	3	21	1622	134	464	0	19656	0	89
178391	122	265	101	57	61	18	9	0	489	2	18	683	258	2	25	1800	174	459	0	42419	0	85
178304	121	270	118	61	67	17	10	0	540	2	23	749	256	2	19	2931	205	459	0	43442	0	82
178208	132	266	131	77	71	15	8	1	593	3	28	774	316	0	20	4893	229	471	0	22267	0	91
178096	137	286	138	76	73	17	10	1	660	3	36	839	302	1	28	5113	262	475	0	22866	0	103
177993	151	282	162	71	80	17	14	1	719	4	39	878	260	3	29	5144	261	516	0	23113	0	100
177888	162	291	165	80	73	18	13	2	791	4	46	846	265	2	26	5121	266	536	0	23209	0	98
177778	175	291	173	86	70	19	13	2	868	4	54	880	100	2	26	5618	271	556	0	23944	0	102
177687	156	308	183	93	66	20	15	2	939	5	59	891	261	0	16	5703	274	567	0	45788	0	85
177594	156	295	195	96	78	19	17	2	1014	6	61	906	279	1	28	6177	283	573	0	46549	0	90
177468	165	325	186	89	70	20	19	2	1115	6	68	892	250	1	37	5623	288	586	0	24378	0	118
177363	176	308	198	95	71	22	18	1	1200	9	72	893	276	1	29	4818	296	592	0	23937	0	101
177252	176	300	204	105	87	20	17	1	1283	10	78	883	133	3	26	4042	290	619	0	22904	0	105
177112	188	324	203	119	85	22	14	2	1370	13	81	890	288	3	25	5244	317	638	0	23487	0	137
176982	201	338	186	122	92	27	14	2	1468	13	88	890	258	0	31	5786	308	672	0	24732	0	123
176882	173	368	186	116	90	24	20	2	1567	13	92	901	282	5	40	5821	309	668	0	45814	0	96
176780	155	382	198	117	87	23	20	2	1659	13	97	899	288	4	39	6818	338	644	0	47008	0	97
176644	161	401	207	114	87	25	20	3	1755	13	103	895	342	5	30	6475	344	671	0	24977	0	130
176495	186	381	235	130	93	26	19	3	1839	15	111	880	241	3	27	6568	353	717	0	24941	0	141
176322	227	388	238	131	101	30	17	3	1942	18	116	900	254	2	29	6588	350	782	0	24724	0	168
176163	233	389	252	129	120	32	18	4	2055	18	120	858	271	3	43	6406	366	807	0	24570	0	154
176009	241	412	245	124	121	35	20	4	2181	19	122	877	274	1	44	6638	374	824	0	25485	0	151
175857	240	423	261	116	137	41	19	5	2290	20	124	900	170	2	39	4880	383	854	0	46932	0	149
175701	244	450	240	125	136	39	16	7	2421	21	133	864	333	6	37	4497	394	856	0	45761	0	147
175486	261	498	259	124	139	39	18	6	2544	21	138	848	349	2	39	6128	428	910	0	23221	0	209
175281	295	519	282	124	145	37	15	7	2660	23	145	816	265	5	44	6261	450	967	0	25202	0	198
175092	308	533	298	139	145	39	15	6	2782	24	152	820	269	3	41	6287	459	1018	0	24310	0	181
174889	297	587	303	161	136	40	16	5	2915	24	160	826	278	3	44	6680	462	1078	0	24393	0	194
174651	290	648	305	157	144	39	18	6	3087	24	164	848	275	3	50	6282	468	1133	0	25675	0	235
174464	284	626	355	165	162	41	21	5	3215	25	170	834	139	1	63	6464	529	1125	0	46706	0	182
174268	269	632	368	165	167	46	22	6	3391	26	173	801	362	3	48	6117	521	1148	0	46506	0	193
174050	289	615	383	176	189	49	23	6	3547	27	179	831	291	2	58	6777	553	1171	0	24361	0	212
173809	325	616	381	179	202	46	21	5	3738	30	181	815	272	3	61	6664	591	1179	0	24950	0	238
173575	329	638	384	177	212	53	21	5	3919	33	187	851	301	7	56	7317	618	1196	0	25391	0	229
173290	375	689	399	171	205	59	24	6	4093	33	189	865	326	3	61	6223	630	1292	0	25648	0	283
173006	402	714	393	182	217	61	24	4	4300	34	196	842	319	2	73	7263	653	1340	0	25225	0	277
172764	395	741	397	181	224	63	25	6	4500	34	203	871	131	4	51	7637	648	1378	0	46984	0	233
172500	396	770	414	182	231	67	27	6	4695	34	211	874	271	7	55	7689	660	1427	0	48032	0	254
172203	412	797	449	186	240	60	26	7	4893	39	221	872	290	5	66	8328	688	1482	0	26479	0	286
171892	428	842	459	201	250	56	30	6	5107	39	223	855	256	5	84	9331	739	1527	0	26405	0	305
171599	434	857	482	223	249	59	27	6	5330	42	225	855	330	5	76	10058	778	1553	0	27706	0	290
171264	465	892	525	211	250	63	27	5	5556	44	231	871	262	4	68	10270	795	1638	0	28345	0	328
170930	499	902	549	217	244	65	29	6	5806	47	239	885	369	8	79	10609	803	1702	0	29000	0	324
170698	444	915	547	230	251	69	28	7	6052	51	241	887	342	4	79	9713	822	1662	0	49727	0	226
170427	413	925	574	251	246	75	23	8	6289	56	246	877	305	3	73	9774	824	1683	0	49654	0	266
170109	450	911	597	257	258	78	22	8	6531	60	252	894	263	6	87	9908	853	1720	0	47819	0	310
169806	474	912	594	266	254	77	22	7	6805	61	255	898	350	4	77	9561	867	1732	0	46787	0	297
169477	493	934	566	280	265	71	22	7	7091	65	262	886	334	8	77	9333	889	1742	0	46310	0	321
169162	490	956	569	272	290	67	25	8	7361	66	267	873	306	6	93	10084	905	1764	0	46478	0	309
168843	472	970	609	269	289	74	27	9	7634	67	270	878	329	4	83	9402	900	1810	0	47154	0	315
168578	458	957	604	271	281	80	27	9	7920	68	280	863	278	4	88	9175	889	1789	0	78123	0	255
168315	448	928	604	261	297	72	29	7	8215	70	287	869	291	5	83	8670	900	1739	0	78371	0	256
168013	434	931	623	278	301	75	33	6	8474	71	294	887	289	7	86	9272	932	1743	0	45488	0	293
167682	447	951	621	275	306	71	39	6	8760	71	304	885	328	3	82	9652	953	1757	0	45957	0	319
167365	459	952	620	266	315	69	38	5	9062	72	310	867	283	4	86	10106	961	1758	0	47098	0	310
167088	443	923	634	285	310	68	35	8	9351	74	314	843	291	5	91	10419	978	1720	0	46750	0	271
166812	437	932	639	273	294	74	35	7	9637	76	317	845	339	4	78	10414	971	1713	0	47141	0	273
166568	430	894	623	289	277	73	33	8	9935	80	323	874	334	5	77	9857	952	1667	0	78839	0	237
166344	387	861	617	283	286	84	33	7	10221	82	328	853	316	2	75	10323	966	1585	0	79674	0	219
166062	391	868	585	299	275	88	35	7	10506	84	333	843	267	4	73	11007	971	1570	0	47223	0	277
165777	416	844	563	303	276	87	38	6	10799	85	339	843	308	5	79	11479	955	1572	0	47524	0	280
165478	430	871	565	287	259	90	39	3	11079	86	346	847	257	6	70	11402	911	1630	0	48364	0	293
165204	458	826	567	273	272	93	37	3	11359	89	352	863	261	3	78	11282	900	1626	0	48176	0	268
164909	464	835	547	287	270	92	34	5	11633	94	363	812	268	8	84	10511	929	1600	0	48748	0	282
164681	418	844	553	273	255	96	34	5	11905	99	370	808	308	4	79	9365	915	1558	0	79036	0	222
164471	375	813	549	284	264	98	36	5	12159	101	378	823	288	7	70	9343	893	1526	0	78584	0	199
164219	352	817	554	262	279	104	37	5	12415	104	385	851	281	8	87	10398	922	1483	0	47225	0	246
163968	360	820	547	254	256	98	36	5	12695	106	388	850	264	7	80	9897	903	1468	0	47139	0	247
163724	360	836	556	244	259	106	35	4	12911	108	390	805	270	5	67	9804	875	1521	0	46360	0	241
163496	357	791	539	257	255	105	34	6	13190	110	393	835	271	2	85	9374	871	1467	0	46837	0	224
163232	381	799	525	262	231	103	34	5	13454	112	395	827	311	3	87	10365	896	1439	0	46566	0	259
163014	355	794	535	273	234	99	37	5	13674	113	400	851	248	5	63	9803	888	1439	0	78986	0	210
162800	324	787	515	263	253	102	38	7	13925	114	405	863	282	4	79	8883	871	1411	0	78885	0	211
162549	343	800	491	254	247	98	39	8	14179	117	408	856	323	2	70	9153	856	1416	0	45895	0	249
162316	353	779	486	262	254	91	36	7	14410	124	415	836	173	5	66	9228	848	1413	0	45947	0	227
162059	364	779	473	252	230	89	38	8	14692	126	423	858	295	8	58	8219	786	1439	0	46304	0	249
161804	381	782	504	244	227	88	45	8	14894	128	428	840	261	3	73	8263	811	1460	0	44968	0	248
161557	381	774	488	252	247	83	42	6	15139	130	434	850	255	5	61	8031	793	1474	0	45412	0	240
161361	338	784	472	245	239	86	41	7	15389	133	438	819	302	7	77	8057	792	1413	0	76771	0	192
161147	313	790	489	224	246	78	39	8	15616	138	445	849	271	2	77	8537	804	1375	0	78520	0	207
160888	347	756	505	212	248	76	42	7	15860	141	451	846	264	4	63	7275	759	1427	0	45330	0	253
160635	393	725	495	217	234	74	42	6	16112	143	457	820	287	8	64	7884	741	1439	0	44116	0	247
160416	384	726	490	217	255	74	41	7	16318	146	459	819	270	8	68	8998	762	1425	0	45709	0	216
160162	378	744	491	226	259	72	37	9	16539	151	465	825	334	5	65	8322	767	1440	0	45783	0	244
159936	358	762	476	223	251	69	36	11	16787	154	470	836	249	2	78	8622	765	1410	0	45168	0	220
159758	334	721	491	234	244	68	37	11	17006	157	472	832	319	4	70	8720	776	1353	0	78076	0	175
159590	303	686	520	228	236	67	36	11	17217	160	479	845	270	4	65	10380	767	1309	0	79099	0	161
159377	301	705	493	234	206	70	37	11	17450	163	486	859	327	5	64	10549	759	1287	0	47389	0	207
159193	285	685	497	219	212	70	38	10	17670	165	489	853	302	5	52	9379	738	1268	0	79284	0	179
159003	290	643	492	221	218	68	39	11	17889	166	493	863	247	2	62	9759	733	1238	0	78582	0	184
158837	282	622	468	210	220	72	40	9	18111	168	494	878	134	3	57	9175	735	1179	0	78654	0	164
158708	246	564	466	206	231	75	41	8	18319	171	498	885	295	9	65	7850	714	1115	0	78570	0	125
158578	224	542	410	207	215	79	42	9	18549	173	505	871	92	4	63	7704	706	1013	0	77246	0	122
158455	219	500	388	195	212	88	40	11	18740	177	508	871	291	5	53	8776	683	959	0	78509	0	119
158310	223	485	386	177	203	83	40	9	18924	181	512	843	289	2	46	10151	659	938	0	46574	0	143
158181	226	452	366	175	198	82	38	11	19099	185	520	844	111	4	54	8788	649	888	0	47015	0	124
158070	215	426	361	174	183	78	35	12	19268	189	522	831	255	3	51	8160	645	827	0	78141	360	108
157967	185	416	339	159	181	75	35	10	19447	192	527	852	274	6	43	9014	623	767	0	69759	360	100
157877	172	387	320	153	157	71	33	11	19630	193	529	839	105	1	37	8964	580	713	0	70167	360	88
157793	147	373	286	152	147	63	39	12	19792	193	536	890	91	3	26	8835	523	684	0	69623	360	78
157693	141	351	252	130	152	59	37	13	19964	196	545	877	118	0	50	8335	498	624	0	69963	360	93
157578	141	357	243	121	129	60	40	14	20099	196	555	866	282	2	53	9087	501	590	0	42281	360	106
157492	133	330	244	124	127	53	39	13	20221	198	559	865	124	2	30	7267	466	584	0	41088	360	83
157375	149	332	236	112	122	52	36	10	20342	201	566	857	274	4	32	6173	440	599	0	40311	360	110
157277	154	321	229	111	117	49	36	10	20455	202	572	842	126	0	22	5024	399	618	0	39334	360	93
157177	151	322	223	102	110	55	33	9	20571	205	575	863	353	1	39	5277	375	621	0	38639	360	98
157078	142	323	225	99	111	50	31	9	20672	208	585	872	289	1	38	4358	359	622	2	67243	360	70
156990	135	305	221	103	116	50	31	9	20776	209	588	880	120	4	27	5192	350	611	4	67984	360	70
156861	153	317	204	90	118	46	30	9	20898	212	595	850	285	3	34	5662	333	625	6	38498	360	112
156725	178	312	217	92	123	43	29	12	20988	212	602	853	115	2	21	6877	327	667	9	38949	360	111
156591	198	317	222	92	118	42	27	12	21095	213	606	828	124	1	38	7123	338	678	11	39835	360	119
156460	195	354	217	102	112	41	24	10	21190	216	612	840	278	1	36	8691	349	696	14	40512	360	111
156333	187	365	235	103	112	44	22	12	21284	218	618	830	316	7	29	9383	357	711	15	42259	360	122
156219	178	366	237	103	105	40	23	12	21407	219	624	822	289	4	37	9555	370	682	17	69895	360	109
156116	174	369	229	107	96	40	19	14	21519	221	629	850	101	1	27	9569	362	672	18	69650	360	98
155970	179	388	235	118	89	40	20	11	21624	221	638	864	102	1	25	8534	347	722	21	42808	360	136
155793	205	399	241	121	94	42	17	11	21743	223	644	848	293	3	26	6996	342	777	23	41868	360	171
155641	234	381	248	135	102	42	13	10	21850	225	652	836	314	3	34	7142	337	818	25	40174	360	143
155501	238	405	239	131	102	41	15	10	21970	226	655	862	288	1	43	7350	349	822	28	40821	360	137
155340	239	431	244	133	113	39	16	9	22085	226	658	892	260	1	29	6253	338	877	31	40459	360	159
155207	224	442	247	123	126	38	16	11	22208	226	665	888	300	3	51	5248	380	836	32	67869	360	127
155087	208	432	259	127	126	38	15	11	22334	226	670	867	264	1	45	3881	375	830	35	67684	360	116
154934	202	464	252	129	118	39	17	7	22466	227	678	872	110	2	45	4454	409	812	36	36964	360	145
154772	212	483	268	122	110	41	20	5	22592	227	681	862	282	6	22	4536	390	866	39	37929	360	159
154601	223	506	265	113	111	39	22	4	22738	228	683	857	233	6	35	5186	415	864	42	38216	360	167
154446	222	473	288	152	117	42	25	2	22850	228	688	843	112	2	38	5713	430	889	44	38918	360	149
154279	237	470	291	143	120	41	25	3	22999	230	695	894	123	2	48	6313	446	881	47	38722	360	159
154133	237	473	286	135	121	42	25	2	23144	231	704	888	273	0	43	5958	458	861	49	67861	360	137
153999	212	486	288	147	119	44	26	5	23266	231	710	878	261	3	44	6028	465	857	51	67982	360	128
153829	215	509	297	147	139	43	22	6	23378	235	713	854	341	3	46	6673	481	891	53	39946	360	167
153641	239	484	321	164	139	43	23	6	23516	237	720	848	272	3	54	7513	528	885	54	40069	360	183
153442	288	477	313	160	148	39	21	7	23673	240	725	857	258	0	34	7488	502	944	57	40740	360	193
153280	270	509	309	166	146	42	19	7	23811	242	732	892	279	1	53	7052	519	942	58	40840	360	157
153095	271	532	295	163	147	44	21	7	23978	244	736	916	310	3	49	8287	508	965	60	40725	360	179
152939	272	521	303	174	146	42	24	7	24122	244	739	913	274	1	39	7958	521	961	61	68982	360	153
152757	263	546	308	173	142	41	25	6	24284	244	744	911	114	2	45	7989	506	992	63	68924	360	177
152538	266	583	317	181	149	44	25	5	24432	245	748	876	362	2	55	7846	528	1037	65	41718	360	215
152319	276	609	318	185	155	43	22	6	24599	247	754	879	280	2	57	7403	546	1062	67	41148	360	214
152082	315	616	330	185	161	40	23	8	24763	249	761	882	268	5	49	7355	562	1108	70	40784	360	229
151843	338	626	336	188	185	41	25	8	24926	251	766	898	260	4	48	7323	576	1163	71	40796	360	235
151572	366	682	341	197	172	45	25	9	25096	255	773	901	118	3	66	6052	597	1231	72	40230	360	265
151385	368	649	353	202	185	44	24	9	25278	257	779	894	106	3	60	6218	638	1187	74	67675	360	183
151194	356	644	380	212	182	47	28	10	25438	259	783	879	109	0	48	6979	646	1203	76	69231	360	186
150911	376	716	374	211	186	48	28	12	25621	261	789	854	134	2	49	6381	665	1274	77	40217	360	277
150627	403	742	403	204	193	55	32	12	25808	262	792	841	181	2	64	6910	665	1367	78	40249	360	276
150340	423	788	402	225	201	54	32	13	25998	264	793	849	330	2	70	7604	720	1405	79	40370	360	285
150020	437	836	434	224	215	56	34	13	26201	266	797	835	343	4	68	7832	761	1475	80	41159	360	316
149672	482	885	455	225	219	63	38	12	26411	270	801	864	298	1	75	8440	795	1572	81	40809	360	341
149428	477	846	488	243	225	63	41	11	26637	272	802	873	275	6	75	7951	797	1586	82	69354	360	239
149187	433	857	510	248	243	64	45	9	26851	273	813	865	290	3	68	8583	811	1589	83	69519	360	231
148841	453	907	549	242	250	72	48	9	27067	276	819	865	277	4	81	9307	860	1661	83	42370	360	338
148479	496	956	549	257	266	71	49	7	27301	279	823	888	334	4	92	8340	911	1733	84	42261	360	354
148098	539	1017	523	287	273	76	52	7	27552	280	829	839	313	7	84	8907	983	1784	85	41889	360	376
147697	593	1039	563	308	280	80	57	5	27797	282	832	842	295	4	75	8600	1015	1905	86	41823	360	397
147285	600	1141	555	284	300	87	59	7	28094	282	839	863	330	4	87	8352	1025	2001	88	41733	360	405
146936	574	1146	624	291	319	97	61	8	28348	286	843	855	304	4	97	8790	1067	2045	88	69373	360	345
146601	543	1165	626	297	346	100	61	10	28646	291	847	829	266	3	103	11470	1107	2031	89	71832	360	325
146197	543	1207	637	319	350	100	62	13	28957	293	855	846	308	7	107	11275	1162	2056	89	44326	360	397
145714	627	1213	689	339	366	103	59	14	29254	298	857	823	313	5	100	11940	1187	2209	90	44642	360	475
145266	675	1209	729	352	371	109	57	12	29586	303	864	829	297	6	94	12024	1187	2315	91	44997	360	440
144825	684	1240	762	359	373	121	55	12	29925	309	868	856	267	6	114	13129	1217	2377	91	44927	360	436
144355	720	1286	768	375	372	127	53	13	30278	314	872	821	332	6	136	12325	1231	2470	92	45813	360	465
143975	664	1328	756	401	396	130	56	14	30618	317	878	809	307	4	93	12240	1247	2484	92	79811	360	372
143585	623	1336	800	401	410	127	54	15	30977	323	882	816	288	5	123	14081	1362	2389	93	81337	360	385
143095	634	1391	846	426	397	132	52	15	31331	328	886	836	326	3	104	13388	1398	2480	93	50473	360	482
142559	731	1382	862	425	413	131	51	16	31739	332	892	854	292	9	101	10438	1396	2599	94	49733	360	529
142107	714	1448	872	435	424	134	49	15	32100	338	897	827	289	9	113	13387	1451	2625	94	48708	360	445
141608	693	1504	899	431	455	140	51	16	32497	340	899	854	339	7	124	13109	1476	2697	94	49982	360	491
141043	738	1560	888	438	454	136	57	14	32958	343	904	834	362	9	133	13385	1502	2769	95	49967	360	558
140591	758	1503	941	447	452	139	63	15	33372	344	908	837	336	4	137	13429	1536	2767	95	80186	360	446
140207	691	1459	986	460	470	146	69	15	33774	347	909	834	277	10	110	13514	1529	2752	95	81465	360	383
139670	717	1502	1013	456	462	149	72	12	34214	352	914	848	279	4	137	15744	1579	2792	96	51730	360	528
139088	776	1562	980	473	453	153	72	12	34685	357	922	862	324	7	114	14548	1561	2908	96	52147	360	573
138542	799	1612	988	477	455	148	75	12	35138	362	925	877	317	4	132	14930	1583	2971	96	50740	360	541
138022	821	1603	1015	493	461	140	77	9	35597	366	929	856	348	8	132	15808	1620	2990	96	51382	360	511
137453	852	1618	1023	515	475	153	83	11	36047	368	935	864	348	9	121	16137	1611	3108	96	52686	360	562
137034	780	1587	1047	517	478	151	86	11	36530	374	938	877	325	9	158	13810	1617	3029	97	81263	360	417
136611	707	1590	1072	511	467	157	90	12	36999	377	940	871	332	10	186	15091	1761	2833	97	73947	360	413
136004	795	1652	1041	499	475	164	92	9	37477	382	943	880	318	5	128	16027	1796	2922	97	49117	360	599
135453	815	1675	1054	485	486	168	93	10	37960	390	944	875	266	4	145	15225	1770	3006	97	48834	360	548
134877	812	1719	1059	505	512	168	91	9	38440	394	947	877	326	6	140	15028	1790	3076	97	48150	360	572
134302	841	1743	1057	524	520	165	94	10	38928	397	952	863	311	10	141	14079	1755	3189	97	47129	360	570
133670	900	1755	1112	496	538	158	96	11	39436	404	957	865	339	9	148	14650	1791	3264	97	46716	360	622
133179	833	1760	1102	495	552	152	103	8	39975	405	969	854	298	10	170	14356	1821	3176	97	73135	360	478
132717	774	1773	1117	503	550	163	104	9	40437	410	976	836	327	9	147	14547	1841	3143	98	73443	360	453
132118	813	1813	1122	526	531	151	100	12	40945	419	983	818	285	7	149	15684	1831	3225	98	48018	360	593
131507	872	1785	1123	533	552	155	97	12	41480	428	989	802	326	3	151	15312	1809	3308	98	47817	360	607
130930	912	1780	1157	544	527	159	96	13	41987	436	992	830	339	6	164	16715	1818	3357	98	48148	360	569
130333	934	1765	1191	534	551	159	89	14	42519	444	1000	825	348	14	148	16081	1799	3424	98	49133	360	592
129700	940	1838	1177	532	561	162	89	14	43070	450	1000	839	347	9	169	16530	1826	3473	98	48581	360	630
129193	913	1800	1175	547	544	168	88	14	43628	458	1005	840	399	19	178	15779	1843	3392	98	74475	360	502
128773	802	1750	1195	542	553	169	95	13	44170	465	1006	856	289	8	161	15827	1896	3210	98	73997	360	414
128220	788	1797	1156	503	550	179	91	16	44745	473	1015	849	269	4	167	16674	1928	3136	98	49522	360	549
127643	829	1747	1175	514	553	178	94	18	45285	479	1018	873	271	4	162	15897	1895	3195	98	49165	360	570
127093	838	1723	1169	528	528	184	96	21	45848	484	1021	871	364	4	168	15685	1876	3190	98	49126	360	546
126557	859	1684	1149	530	518	181	99	18	46426	488	1024	831	323	9	152	16826	1848	3172	98	49057	360	531
126031	867	1659	1179	531	494	175	96	20	46957	491	1033	851	317	5	170	15691	1828	3173	99	49328	360	516
125569	817	1634	1156	537	517	171	99	19	47483	495	1036	838	309	6	155	14185	1798	3133	99	74030	360	458
125165	744	1574	1108	553	529	162	94	21	48040	503	1040	872	351	8	145	14101	1742	3022	99	73390	360	399
124664	719	1594	1091	539	528	174	93	19	48557	509	1046	842	297	7	158	16704	1776	2962	99	49444	360	494
124166	756	1560	1060	549	507	178	92	18	49076	518	1053	851	270	6	178	17188	1767	2935	99	49470	360	498
123693	758	1540	1062	525	499	184	90	18	49584	524	1056	849	365	8	174	16369	1791	2867	99	49309	360	471
123255	744	1472	1073	493	519	193	92	20	50082	528	1062	851	280	4	149	16444	1765	2821	99	48869	360	433
122776	743	1503	1036	495	491	189	89	20	50589	538	1064	883	278	10	140	16395	1721	2825	99	48776	360	477
122418	665	1433	1062	493	483	188	86	20	51067	547	1071	856	334	7	122	15366	1659	2751	99	74542	360	348
122048	618	1404	1035	494	477	190	82	20	51535	553	1077	878	315	8	128	14245	1600	2700	99	73908	360	366
121604	655	1368	1035	475	478	186	86	20	51984	559	1083	851	301	9	134	15338	1583	2700	99	47603	360	439
121164	682	1320	1000	477	470	183	83	24	52474	564	1092	877	288	7	135	14941	1553	2662	99	47388	360	434
120752	640	1341	991	427	476	173	87	23	52957	567	1099	885	314	5	115	13671	1478	2657	99	47949	360	405
120365	607	1358	958	407	437	164	86	23	53453	572	1103	877	312	2	146	13687	1491	2526	99	47603	360	384
119926	628	1381	885	394	423	164	86	21	53932	581	1112	855	355	9	112	14526	1426	2535	99	46267	360	431
119592	609	1276	919	388	435	154	85	22	54353	583	1117	837	276	3	120	13713	1422	2444	99	73074	360	329
119289	574	1225	883	389	409	152	83	16	54801	591	1121	829	358	9	120	13949	1397	2318	99	72770	360	300
118916	550	1222	874	396	421	147	75	16	55188	602	1126	812	282	7	116	13926	1381	2304	99	47124	360	368
118581	563	1132	884	416	404	138	75	18	55589	604	1129	827	296	3	118	15666	1372	2240	99	47734	360	330
118253	543	1144	844	392	386	131	73	18	56004	609	1136	815	346	9	127	14707	1324	2189	99	48326	360	322
117931	528	1120	812	378	371	133	78	20	56408	613	1141	819	270	8	95	14372	1267	2153	99	47286	360	318
117595	527	1105	822	367	360	131	77	19	56767	617	1146	787	270	4	122	13842	1241	2148	99	47286	360	331
117330	495	1054	792	365	323	122	74	17	57189	623	1149	791	251	6	99	13526	1165	2060	99	72515	360	263
117085	439	993	770	366	328	122	75	17	57556	628	1154	794	283	6	105	11897	1119	1974	99	72131	360	242
116801	431	969	722	352	328	117	76	18	57932	629	1158	840	268	5	108	13384	1116	1879	99	47166	360	279
116501	431	962	695	336	325	114	72	21	58280	634	1162	838	321	6	106	13898	1095	1840	99	45777	360	295
116198	439	942	685	326	321	112	69	21	58613	640	1167	822	319	3	98	13462	1094	1800	99	46456	360	299
115914	454	919	694	297	306	104	62	23	58941	648	1171	831	270	2	82	12825	1048	1788	99	46030	360	279
115652	432	938	675	277	287	100	60	21	59257	654	1180	848	333	5	87	11831	1038	1731	99	45351	360	252
115468	372	875	684	272	283	94	58	18	59564	659	1186	817	338	7	76	11711	976	1662	99	71180	360	182
115292	332	807	680	255	277	89	52	19	59871	666	1193	808	316	1	93	11831	989	1503	99	72080	360	170
115086	304	802	632	262	271	85	54	19	60156	667	1195	819	312	3	63	12880	954	1456	99	45189	360	206
114850	317	753	633	254	272	85	54	17	60426	670	1202	840	326	6	70	13020	924	1444	99	45798	360	230
114637	331	713	598	244	264	87	58	15	60704	672	1210	830	241	1	68	10670	838	1457	100	45613	360	207
114432	325	698	572	240	251	89	53	12	60965	679	1217	800	341	5	72	11556	804	1424	100	43485	360	199
114224	325	693	534	219	230	89	56	11	61250	680	1222	793	308	5	77	10844	756	1390	100	44340	360	202
114063	287	651	526	219	229	88	56	11	61492	684	1227	828	343	3	64	10689	717	1339	100	70556	360	158
113923	245	620	500	220	227	82	60	10	61729	687	1230	797	139	2	59	11733	687	1267	100	71594	360	137
113757	233	600	493	218	204	80	55	9	61959	692	1233	818	319	2	64	11539	672	1211	100	45211	360	161
113587	243	572	476	210	202	82	57	7	62164	696	1237	818	264	2	55	11305	667	1175	100	44239	360	166
113428	233	553	472	187	197	73	53	9	62383	701	1244	844	286	2	52	10557	627	1141	100	43789	360	153
113257	262	536	428	173	172	66	46	7	62630	707	1249	833	308	1	56	10011	571	1112	100	43477	360	168
113115	249	511	408	178	164	55	41	7	62840	711	1254	814	330	6	57	9897	550	1056	100	42973	360	138
113011	215	487	403	180	165	52	43	8	63002	713	1254	846	269	3	48	9597	522	1023	100	70043	360	103
112904	190	450	399	176	164	48	40	8	63181	715	1258	817	271	3	57	8702	535	932	100	70215	360	103
112781	190	420	375	154	157	47	34	9	63383	720	1263	810	315	2	41	9483	489	888	100	42397	360	119
112655	195	395	357	144	149	44	28	12	63563	724	1267	830	250	2	48	8859	474	838	100	42365	360	123
112546	196	372	347	138	145	42	26	12	63711	727	1271	842	110	2	41	7811	468	798	100	42033	360	103
112453	177	382	325	116	138	41	27	10	63856	730	1278	845	260	1	37	8338	446	760	100	40839	360	89
112350	149	389	308	110	129	41	29	9	64001	730	1288	828	263	2	34	8885	404	751	100	42148	360	98
112266	141	360	296	114	110	39	27	10	64143	733	1294	832	246	2	33	8466	366	721	100	68797	360	78
112207	117	320	294	103	106	38	25	11	64281	734	1297	821	258	2	25	8204	355	648	100	69323	360	58
112116	131	280	275	106	100	36	22	12	64416	735	1304	828	255	0	32	8919	331	619	100	42320	360	86
112007	135	295	266	92	96	38	20	13	64518	736	1317	820	223	0	34	8652	317	625	100	41646	360	102
111937	125	271	257	80	87	35	18	14	64650	739	1320	831	287	3	25	7745	287	586	100	41040	360	68
111872	114	249	258	82	87	30	18	14	64744	741	1324	846	288	0	28	7515	279	559	100	41047	360	64
111792	108	246	252	91	78	29	19	13	64830	744	1331	863	249	2	33	6982	287	536	100	40565	360	79
111734	109	212	236	96	72	30	20	13	64935	744	1332	856	315	0	19	6641	266	509	100	67657	360	57
111674	97	216	215	90	71	27	19	12	65028	745	1339	829	128	0	20	5085	241	494	100	67939	360	56
111610	92	213	206	88	65	28	18	11	65114	746	1342	837	262	0	17	5064	223	487	100	38634	360	63
111541	89	216	199	76	61	32	19	9	65197	746	1348	837	323	1	19	4531	205	487	100	38075	360	66
111478	87	195	179	79	64	29	15	10	65297	748	1352	830	353	1	22	4096	185	463	100	37858	360	60
111412	97	186	166	79	60	25	13	9	65382	750	1354	827	291	3	20	4957	193	433	100	37220	360	64
111358	97	188	162	69	52	24	14	8	65452	750	1359	823	253	2	24	5492	197	409	100	38360	360	50
111314	84	191	141	71	47	22	17	6	65526	750	1364	846	287	0	17	5008	192	381	100	66523	360	40
111278	75	178	144	66	52	20	17	6	65580	750	1367	879	234	1	12	5207	196	356	100	66835	360	33
111233	70	168	149	65	52	20	11	6	65636	755	1368	875	318	0	19	5352	190	345	100	38431	360	45
111195	64	153	141	65	59	19	12	6	65690	755	1374	871	270	0	14	5547	192	321	100	38971	360	33
111163	48	141	142	53	53	20	9	7	65761	757	1379	864	269	0	20	5722	178	288	100	39079	360	28
111112	56	133	130	49	58	19	9	6	65820	757	1384	875	107	1	10	5988	171	283	100	39042	360	49
111071	60	125	117	53	55	22	8	7	65872	757	1386	840	118	0	14	6116	167	273	100	39028	360	40
111031	54	130	115	57	44	20	7	6	65919	758	1392	903	282	0	16	5881	172	255	100	67653	360	36
111009	48	105	121	53	44	19	6	5	65970	759	1394	900	123	0	6	4892	154	242	100	67906	360	21
110974	47	101	107	53	39	19	5	5	66020	761	1402	889	111	0	13	4785	138	233	100	38020	360	29
110930	51	106	99	40	34	18	5	3	66076	762	1409	905	286	0	13	4966	126	227	100	38740	360	38
110899	45	108	96	35	28	19	5	1	66124	762	1411	893	111	0	3	4941	112	224	100	37910	360	30
110880	38	102	90	36	26	16	4	1	66164	763	1413	872	265	1	9	4362	104	208	100	37967	360	17
110845	39	94	83	40	26	18	3	2	66200	763	1420	859	114	0	10	4479	99	204	100	37419	360	31
110822	40	87	75	33	28	17	4	2	66241	763	1421	882	285	1	15	3755	96	188	100	66152	360	22
110786	44	92	76	30	24	18	3	2	66267	764	1427	881	281	2	7	3754	87	200	100	66227	360	33
110762	43	78	75	28	29	16	3	2	66298	765	1434	873	288	0	8	3730	82	190	100	37092	360	19
110740	37	67	76	28	28	14	4	2	66335	765	1437	831	254	1	8	3509	83	171	100	36567	360	20
110717	35	72	67	27	26	14	4	2	66364	765	1440	819	97	1	9	4007	88	157	100	36771	360	21
110699	27	64	59	26	29	14	6	2	66392	765	1450	827	108	1	5	2877	80	145	100	37052	360	12
110672	24	67	58	23	25	14	7	2	66419	765	1457	833	264	1	11	2812	81	137	100	35832	360	23
110647	27	65	52	26	23	11	6	2	66441	765	1468	834	259	0	5	3584	80	130	100	65818	360	18
110633	23	57	50	22	25	11	5	2	66468	766	1471	791	103	0	3	3586	72	121	100	65706	360	12
110616	17	57	49	17	23	9	4	3	66496	766	1476	798	115	0	5	3061	63	113	100	36515	360	14
110603	20	43	49	19	19	8	4	3	66515	766	1484	833	279	1	3	3032	50	112	100	36028	360	11
110590	19	43	44	18	20	9	4	2	66532	766	1486	835	262	1	5	3211	51	106	100	36072	360	11
110579	14	40	41	11	23	7	4	1	66556	766	1491	834	122	1	4	3413	48	92	100	36210	360	7
110561	18	38	45	12	16	3	3	1	66575	767	1494	855	108	1	8	2964	49	86	100	36496	360	16
110544	26	35	45	11	11	3	4	1	66586	767	1500	859	106	0	1	2459	38	97	100	64974	360	16
110536	23	31	49	9	10	3	4	1	66596	767	1504	840	275	0	4	2444	39	90	100	64963	360	7
110518	17	40	43	11	9	3	4	1	66610	767	1510	846	113	1	1	1243	32	95	100	35595	360	12
110503	19	39	34	7	7	3	5	1	66634	767	1514	861	120	0	2	1221	23	91	100	34268	360	13
110488	17	40	31	11	7	3	4	1	66643	768	1520	851	107	0	3	1225	25	88	100	34051	360	12
110477	17	39	33	10	6	3	3	1	66652	769	1523	870	126	0	3	1654	28	83	100	34304	360	9
110458	19	41	31	11	7	3	3	0	66662	769	1529	866	108	0	5	2131	31	84	100	35195	360	15
110444	15	45	29	11	10	4	3	0	66668	769	1535	861	101	0	2	1651	39	78	100	64770	360	12
110436	9	42	31	12	10	3	2	1	66678	769	1540	863	108	2	4	1195	38	71	100	64444	360	5
110423	7	44	28	10	7	3	2	1	66695	769	1544	839	112	0	3	1714	40	61	100	34759	360	11
110407	15	32	33	12	5	3	1	1	66704	770	1550	851	173	0	3	1744	41	60	100	34866	360	13
110394	20	22	35	14	4	3	1	1	66711	770	1558	872	133	0	1	1767	34	65	100	34991	360	8
110381	16	26	35	12	4	2	1	1	66720	770	1565	854	275	1	2	1952	33	63	100	34778	360	9
110372	13	29	32	10	4	3	1	1	66726	770	1572	859	107	0	1	2243	33	59	100	35642	360	5
110355	14	27	26	10	5	2	1	1	66741	770	1581	877	130	0	1	2207	27	58	100	64631	360	9
110345	12	28	22	10	5	2	1	1	66748	770	1589	877	105	0	2	1720	22	58	100	64794	360	7
110330	13	30	23	9	5	2	1	1	66754	770	1595	890	244	0	1	1737	21	62	100	35220	360	11
110322	13	22	26	11	4	1	1	1	66764	770	1598	870	115	0	0	1700	18	60	100	34873	360	6
110312	15	21	23	8	4	1	0	1	66772	771	1605	849	101	1	4	2392	20	52	100	34932	360	7
110304	9	23	23	8	3	1	0	0	66780	771	1611	867	103	0	0	2672	19	48	100	36380	360	3
110293	8	26	24	8	2	1	0	0	66783	771	1617	886	294	0	1	2635	17	52	100	35605	360	7
110288	9	20	20	8	2	1	0	0	66792	771	1622	884	114	0	1	2639	14	46	100	64909	360	4
110286	9	14	19	9	5	0	0	0	66793	771	1627	902	110	0	0	2192	14	42	100	64839	360	2
110283	5	13	18	4	6	0	0	0	66802	771	1631	842	244	0	4	2191	14	32	100	35466	360	0
110278	3	13	14	4	5	0	1	0	66811	771	1633	858	126	0	3	2227	18	22	100	35200	360	3
110271	4	10	12	4	7	0	0	0	66814	772	1639	864	99	0	2	1742	15	22	100	35284	360	3
110269	4	5	13	3	6	0	2	0	66816	772	1643	843	115	0	4	3139	18	15	100	34687	360	0
110263	2	5	13	2	4	0	2	0	66820	772	1650	869	97	0	0	3192	13	15	100	36363	360	1
110256	2	4	10	1	5	0	2	0	66821	772	1660	886	101	0	1	1572	11	13	100	65381	360	1
110251	3	6	5	1	2	0	2	0	66826	772	1665	852	106	0	1	2062	8	11	100	64940	360	3
110248	2	6	3	1	3	0	2	0	66829	772	1667	809	116	0	0	2088	8	9	100	35182	360	1
110245	1	6	2	0	1	0	3	0	66832	772	1671	814	120	0	0	2063	5	8	100	34864	360	1
110236	2	6	3	1	0	0	3	0	66831	772	1679	839	118	0	0	2064	4	11	100	35033	360	3
110232	1	5	3	0	3	0	3	0	66831	772	1683	850	110	0	0	2015	4	11	100	35106	360	2
110228	1	5	2	0	2	0	3	0	66832	772	1688	872	109	0	2	2442	9	4	100	35090	360	0
110225	1	3	3	1	3	0	3	0	66831	772	1691	868	105	0	1	2463	11	3	100	65093	360	1
110219	2	2	4	2	3	0	3	0	66830	772	1696	831	107	0	0	1010	9	7	100	65146	360	3
110217	2	3	3	2	1	1	3	0	66831	772	1698	833	107	0	0	1012	8	7	100	34317	360	1
110214	2	1	4	0	1	2	3	0	66831	772	1703	839	105	0	0	526	6	7	100	34117	360	0
110211	1	2	4	1	0	2	2	1	66830	772	1707	833	108	0	2	501	10	2	100	33650	360	1
110207	1	3	3	0	0	2	1	1	66830	773	1712	865	97	0	0	503	9	1	100	33670	360	1
110205	0	3	3	0	0	2	1	1	66830	773	1715	858	117	0	0	497	8	1	100	33400	360	0
110199	0	3	3	0	0	2	1	1	66827	773	1724	860	115	0	0	497	8	1	100	64043	360	0
110193	0	2	1	0	1	2	1	1	66829	773	1730	854	105	0	0	497	6	1	100	63770	360	0
110189	0	1	2	0	1	2	1	1	66826	773	1737	836	126	0	0	14	3	4	100	33620	360	0
110185	0	0	3	0	1	2	0	2	66823	773	1744	815	98	0	0	8	3	3	100	33293	360	0
110180	0	0	3	0	1	2	0	2	66822	773	1750	826	118	0	0	8	3	3	100	33195	360	0
110178	0	0	3	0	1	2	0	2	66820	773	1754	833	118	0	0	8	3	3	100	33187	360	0
110178	0	0	3	0	1	1	0	2	66818	773	1757	829	121	0	0	8	3	2	100	33041	360	0
110173	0	0	2	0	1	1	0	2	66818	773	1763	841	93	0	1	4	1	3	100	63280	360	0
110167	0	0	2	0	1	1	0	2	66816	773	1771	878	102	0	0	31	1	3	100	63348	360	0
110162	0	0	2	0	1	1	0	2	66813	773	1779	889	114	0	0	31	1	3	100	33235	360	0
110157	0	0	1	0	1	1	0	2	66811	773	1787	866	117	0	0	33	1	2	100	33035	360	0
110156	0	0	1	0	0	1	0	1	66811	773	1790	868	104	0	0	33	0	2	100	33058	360	0
110153	0	0	0	0	0	0	0	1	66810	773	1796	877	103	0	0	33	0	0	0	33154	360	0
110148	0	0	0	0	0	0	0	1	66808	773	1803	840	114	0	0	33	0	0	0	33153	360	0
110144	0	0	0	0	0	0	0	1	66804	773	1811	852	109	0	0	33	0	0	0	63147	360	0
110138	0	0	0	0	0	0	0	1	66800	773	1821	835	116	0	0	33	0	0	0	63424	360	0
110137	0	0	0	0	0	0	0	1	66797	773	1825	838	106	0	0	32	0	0	0	33242	360	0
110130	0	0	0	0	0	0	0	1	66796	773	1833	830	116	0	0	0	0	0	0	33070	360	0
110128	0	0	0	0	0	0	0	0	66796	773	1836	871	97	0	0	0	0	0	0	32929	360	0
110127	0	0	0	0	0	0	0	0	66795	773	1838	874	118	0	0	0	0	0	0	33170	360	0
110123	0	0	0	0	0	0	0	0	66794	773	1843	843	106	0	0	0	0	0	0	33121	360	0
110116	0	0	0	0	0	0	0	0	66791	773	1853	846	99	0	0	0	0	0	0	63524	360	0
110114	0	0	0	0	0	0	0	0	66791	773	1855	843	101	0	0	0	0	0	0	62917	360	0
110109	0	0	0	0	0	0	0	0	66789	773	1862	838	111	0	0	0	0	0	0	33101	360	0
110108	0	0	0	0	0	0	0	0	66788	773	1864	831	107	0	0	0	0	0	0	33026	360	0
110103	0	0	0	0	0	0	0	0	66786	773	1871	858	96	0	0	0	0	0	0	32879	360	0
110102	0	0	0	0	0	0	0	0	66786	773	1872	864	129	0	0	0	0	0	0	32890	360	0
110098	0	0	0	0	0	0	0	0	66783	773	1879	843	96	0	0	0	0	0	0	32774	360	0
110094	0	0	0	0	0	0	0	0	66779	773	1887	872	128	0	0	0	0	0	0	62989	360	0
